# Chi2 Rg SupportVolume
1.16507e+09 5.76424e+01 3.37500e+06
1.38772e+03 5.26288e+01 3.37500e+06
1.37485e+03 4.98715e+01 3.37500e+06
1.36269e+03 4.86674e+01 3.37500e+06
1.35117e+03 4.83030e+01 3.37500e+06
1.34037e+03 4.84879e+01 3.37500e+06
1.33007e+03 4.88970e+01 3.37500e+06
1.32009e+03 4.94718e+01 3.37500e+06
1.31048e+03 5.01695e+01 3.37500e+06
1.30126e+03 5.08938e+01 3.37500e+06
1.29234e+03 5.15875e+01 3.37500e+06
1.28372e+03 5.22317e+01 3.37500e+06
1.27534e+03 5.28768e+01 3.37500e+06
1.26712e+03 5.34859e+01 3.37500e+06
1.25910e+03 5.40881e+01 3.37500e+06
1.25127e+03 5.47160e+01 3.37500e+06
1.24361e+03 5.53315e+01 3.37500e+06
1.23609e+03 5.59356e+01 3.37500e+06
1.22870e+03 5.65275e+01 3.37500e+06
1.22147e+03 5.70884e+01 3.37500e+06
1.21442e+03 5.76413e+01 3.37500e+06
1.20754e+03 5.81948e+01 3.37500e+06
1.20076e+03 5.87246e+01 3.37500e+06
1.19407e+03 5.92283e+01 3.37500e+06
1.18747e+03 5.97042e+01 3.37500e+06
1.18090e+03 6.01628e+01 3.37500e+06
1.17439e+03 6.06103e+01 3.37500e+06
1.16797e+03 6.10533e+01 3.37500e+06
1.16156e+03 6.14855e+01 3.37500e+06
1.15516e+03 6.18962e+01 3.37500e+06
1.14883e+03 6.22853e+01 3.37500e+06
1.14256e+03 6.26654e+01 3.37500e+06
1.13634e+03 6.30307e+01 3.37500e+06
1.13017e+03 6.33842e+01 3.37500e+06
1.12403e+03 6.37245e+01 3.37500e+06
1.11791e+03 6.40508e+01 3.37500e+06
1.11180e+03 6.43671e+01 3.37500e+06
1.10576e+03 6.46720e+01 3.37500e+06
1.09980e+03 6.49660e+01 3.37500e+06
1.09389e+03 6.52467e+01 3.37500e+06
1.08801e+03 6.55129e+01 3.37500e+06
1.08216e+03 6.57686e+01 3.37500e+06
1.07637e+03 6.60137e+01 3.37500e+06
1.07064e+03 6.62481e+01 3.37500e+06
1.06495e+03 6.64716e+01 3.37500e+06
1.05932e+03 6.66890e+01 3.37500e+06
1.05369e+03 6.68976e+01 3.37500e+06
1.04811e+03 6.70970e+01 3.37500e+06
1.04256e+03 6.72892e+01 3.37500e+06
1.03703e+03 6.74715e+01 3.37500e+06
1.03152e+03 6.76488e+01 3.37500e+06
1.02602e+03 6.78205e+01 3.37500e+06
1.02056e+03 6.79862e+01 3.37500e+06
1.01511e+03 6.81466e+01 3.37500e+06
1.00968e+03 6.83013e+01 3.37500e+06
1.00427e+03 6.84505e+01 3.37500e+06
9.98902e+02 6.85928e+01 3.37500e+06
9.93574e+02 6.87273e+01 3.37500e+06
9.88267e+02 6.88561e+01 3.37500e+06
9.82996e+02 6.89780e+01 3.37500e+06
9.77743e+02 6.90955e+01 3.37500e+06
9.72535e+02 6.92095e+01 3.37500e+06
9.67346e+02 6.93200e+01 3.37500e+06
9.62171e+02 6.94242e+01 3.37500e+06
9.57018e+02 6.95232e+01 3.37500e+06
9.51869e+02 6.96181e+01 3.37500e+06
9.46754e+02 6.97073e+01 3.37500e+06
9.41687e+02 6.97926e+01 3.37500e+06
9.36640e+02 6.98738e+01 3.37500e+06
9.31599e+02 6.99510e+01 3.37500e+06
9.26571e+02 7.00231e+01 3.37500e+06
9.21539e+02 7.00927e+01 3.37500e+06
9.16525e+02 7.01592e+01 3.37500e+06
9.11545e+02 7.02230e+01 3.37500e+06
9.06606e+02 7.02837e+01 3.37500e+06
9.01662e+02 7.03415e+01 3.37500e+06
8.96738e+02 7.03961e+01 3.37500e+06
8.91837e+02 7.04482e+01 3.37500e+06
8.86959e+02 7.04975e+01 3.37500e+06
8.82103e+02 7.05445e+01 3.37500e+06
8.77248e+02 7.05888e+01 3.37500e+06
8.72410e+02 7.06295e+01 3.37500e+06
8.67599e+02 7.06670e+01 3.37500e+06
8.62807e+02 7.07013e+01 3.37500e+06
8.58026e+02 7.07334e+01 3.37500e+06
8.53278e+02 7.07636e+01 3.37500e+06
8.48553e+02 7.07921e+01 3.37500e+06
8.43838e+02 7.08185e+01 3.37500e+06
8.39146e+02 7.08427e+01 3.37500e+06
8.34488e+02 7.08653e+01 3.37500e+06
8.29851e+02 7.08868e+01 3.37500e+06
8.25220e+02 7.09062e+01 3.37500e+06
8.20602e+02 7.09231e+01 3.37500e+06
8.15997e+02 7.09378e+01 3.37500e+06
8.11437e+02 7.09506e+01 3.37500e+06
8.06896e+02 7.09610e+01 3.37500e+06
8.02379e+02 7.09690e+01 3.37500e+06
7.97885e+02 7.09750e+01 3.37500e+06
7.93409e+02 7.09796e+01 3.37500e+06
7.88966e+02 7.09830e+01 3.37500e+06
7.84539e+02 7.09857e+01 3.37500e+06
7.80124e+02 7.09873e+01 3.37500e+06
7.75731e+02 7.09867e+01 3.37500e+06
7.71349e+02 7.09843e+01 3.37500e+06
7.66994e+02 7.09813e+01 3.37500e+06
7.62652e+02 7.09781e+01 3.37500e+06
7.58329e+02 7.09744e+01 3.37500e+06
7.54032e+02 7.09699e+01 3.37500e+06
7.49765e+02 7.09643e+01 3.37500e+06
7.45531e+02 7.09575e+01 3.37500e+06
7.41324e+02 7.09503e+01 3.37500e+06
7.37153e+02 7.09425e+01 3.37500e+06
7.33008e+02 7.09335e+01 3.37500e+06
7.28885e+02 7.09233e+01 3.37500e+06
7.24785e+02 7.09129e+01 3.37500e+06
7.20721e+02 7.09018e+01 3.37500e+06
7.16674e+02 7.08900e+01 3.37500e+06
7.12642e+02 7.08774e+01 3.37500e+06
7.08634e+02 7.08641e+01 3.37500e+06
7.04652e+02 7.08497e+01 3.37500e+06
7.00709e+02 7.08342e+01 3.37500e+06
6.96792e+02 7.08177e+01 3.37500e+06
6.92897e+02 7.08005e+01 3.37500e+06
6.89032e+02 7.07826e+01 3.37500e+06
6.85193e+02 7.07637e+01 3.37500e+06
6.81388e+02 7.07440e+01 3.37500e+06
6.77609e+02 7.07241e+01 3.37500e+06
6.73854e+02 7.07043e+01 3.37500e+06
6.70103e+02 7.06838e+01 3.37500e+06
6.66372e+02 7.06625e+01 3.37500e+06
6.62651e+02 7.06408e+01 3.37500e+06
6.58946e+02 7.06194e+01 3.37500e+06
6.55259e+02 7.05979e+01 3.37500e+06
6.51597e+02 7.05758e+01 3.37500e+06
6.47954e+02 7.05534e+01 3.37500e+06
6.44329e+02 7.05313e+01 3.37500e+06
6.40726e+02 7.05095e+01 3.37500e+06
6.37140e+02 7.04878e+01 3.37500e+06
6.33575e+02 7.04658e+01 3.37500e+06
6.30028e+02 7.04433e+01 3.37500e+06
6.26502e+02 7.04202e+01 3.37500e+06
6.23004e+02 7.03971e+01 3.37500e+06
6.19532e+02 7.03738e+01 3.37500e+06
6.16076e+02 7.03503e+01 3.37500e+06
6.12660e+02 7.03265e+01 3.37500e+06
6.09284e+02 7.03027e+01 3.37500e+06
6.05926e+02 7.02786e+01 3.37500e+06
6.02586e+02 7.02544e+01 3.37500e+06
5.99267e+02 7.02303e+01 3.37500e+06
5.95972e+02 7.02059e+01 3.37500e+06
5.92698e+02 7.01814e+01 3.37500e+06
5.89438e+02 7.01572e+01 3.37500e+06
5.86196e+02 7.01332e+01 3.37500e+06
5.82967e+02 7.01092e+01 3.37500e+06
5.79752e+02 7.00852e+01 3.37500e+06
5.76555e+02 7.00609e+01 3.37500e+06
5.73379e+02 7.00363e+01 3.37500e+06
5.70214e+02 7.00117e+01 3.37500e+06
5.67069e+02 6.99866e+01 3.37500e+06
5.63945e+02 6.99614e+01 3.37500e+06
5.60841e+02 6.99358e+01 3.37500e+06
5.57761e+02 6.99101e+01 3.37500e+06
5.54711e+02 6.98845e+01 3.37500e+06
5.51673e+02 6.98592e+01 3.37500e+06
5.48658e+02 6.98342e+01 3.37500e+06
5.45663e+02 6.98091e+01 3.37500e+06
5.42684e+02 6.97838e+01 3.37500e+06
5.39720e+02 6.97581e+01 3.37500e+06
5.36774e+02 6.97328e+01 3.37500e+06
5.33844e+02 6.97075e+01 3.37500e+06
5.30936e+02 6.96820e+01 3.37500e+06
5.28043e+02 6.96562e+01 3.37500e+06
5.25158e+02 6.96304e+01 3.37500e+06
5.22299e+02 6.96045e+01 3.37500e+06
5.19470e+02 6.95780e+01 3.37500e+06
5.16675e+02 6.95517e+01 3.37500e+06
5.13910e+02 6.95250e+01 3.37500e+06
5.11168e+02 6.94988e+01 3.37500e+06
5.08451e+02 6.94727e+01 3.37500e+06
5.05756e+02 6.94469e+01 3.37500e+06
5.03073e+02 6.94212e+01 3.37500e+06
5.00404e+02 6.93954e+01 3.37500e+06
4.97752e+02 6.93698e+01 3.37500e+06
4.95129e+02 6.93443e+01 3.37500e+06
4.92525e+02 6.93189e+01 3.37500e+06
4.89933e+02 6.92935e+01 3.37500e+06
4.87357e+02 6.92683e+01 3.37500e+06
4.84814e+02 6.92433e+01 3.37500e+06
4.82295e+02 6.92182e+01 3.37500e+06
4.79792e+02 6.91930e+01 3.37500e+06
4.77308e+02 6.91678e+01 3.37500e+06
4.74843e+02 6.91422e+01 3.37500e+06
4.72397e+02 6.91166e+01 3.37500e+06
4.69964e+02 6.90910e+01 3.37500e+06
4.67541e+02 6.90656e+01 3.37500e+06
4.65126e+02 6.90404e+01 3.37500e+06
4.62724e+02 6.90154e+01 3.37500e+06
4.60339e+02 6.89904e+01 3.37500e+06
4.57981e+02 6.89654e+01 3.37500e+06
4.55648e+02 6.89405e+01 3.37500e+06
4.53330e+02 6.89153e+01 3.37500e+06
4.51022e+02 6.88901e+01 3.37500e+06
4.48728e+02 6.88651e+01 3.37500e+06
4.46451e+02 6.88402e+01 3.37500e+06
4.44189e+02 6.88151e+01 3.37500e+06
4.41937e+02 6.87903e+01 3.37500e+06
4.39695e+02 6.87654e+01 3.37500e+06
4.37464e+02 6.87406e+01 3.37500e+06
4.35248e+02 6.87158e+01 3.37500e+06
4.33052e+02 6.86911e+01 3.37500e+06
4.30871e+02 6.86666e+01 3.37500e+06
4.28696e+02 6.86422e+01 3.37500e+06
4.26532e+02 6.86179e+01 3.37500e+06
4.24374e+02 6.85938e+01 3.37500e+06
4.22230e+02 6.85699e+01 3.37500e+06
4.20098e+02 6.85460e+01 3.37500e+06
4.17977e+02 6.85222e+01 3.37500e+06
4.15868e+02 6.84984e+01 3.37500e+06
4.13778e+02 6.84745e+01 3.37500e+06
4.11704e+02 6.84505e+01 3.37500e+06
4.09651e+02 6.84266e+01 3.37500e+06
4.07610e+02 6.84031e+01 3.37500e+06
4.05578e+02 6.83799e+01 3.37500e+06
4.03555e+02 6.83571e+01 3.37500e+06
4.01543e+02 6.83345e+01 3.37500e+06
3.99547e+02 6.83120e+01 3.37500e+06
3.97565e+02 6.82895e+01 3.37500e+06
3.95600e+02 6.82669e+01 3.37500e+06
3.93648e+02 6.82439e+01 3.37500e+06
3.91700e+02 6.82209e+01 3.37500e+06
3.89756e+02 6.81979e+01 3.37500e+06
3.87825e+02 6.81749e+01 3.37500e+06
3.85897e+02 6.81519e+01 3.37500e+06
3.83983e+02 6.81287e+01 3.37500e+06
3.82078e+02 6.81057e+01 3.37500e+06
3.80184e+02 6.80830e+01 3.37500e+06
3.78301e+02 6.80604e+01 3.37500e+06
3.76429e+02 6.80377e+01 3.37500e+06
3.74569e+02 6.80148e+01 3.37500e+06
3.72720e+02 6.79921e+01 3.37500e+06
3.70882e+02 6.79693e+01 3.37500e+06
3.69048e+02 6.79465e+01 3.37500e+06
3.67224e+02 6.79240e+01 3.37500e+06
3.65414e+02 6.79017e+01 3.37500e+06
3.63618e+02 6.78796e+01 3.37500e+06
3.61830e+02 6.78574e+01 3.37500e+06
3.60052e+02 6.78352e+01 3.37500e+06
3.58282e+02 6.78132e+01 3.37500e+06
3.56525e+02 6.77914e+01 3.37500e+06
3.54783e+02 6.77697e+01 3.37500e+06
3.53057e+02 6.77481e+01 3.37500e+06
3.51346e+02 6.77268e+01 3.37500e+06
3.49648e+02 6.77054e+01 3.37500e+06
3.47961e+02 6.76841e+01 3.37500e+06
3.46283e+02 6.76631e+01 3.37500e+06
3.44610e+02 6.76423e+01 3.37500e+06
3.42953e+02 6.76218e+01 3.37500e+06
3.41309e+02 6.76012e+01 3.37500e+06
3.39671e+02 6.75806e+01 3.37500e+06
3.38040e+02 6.75600e+01 3.37500e+06
3.36418e+02 6.75394e+01 3.37500e+06
3.34806e+02 6.75189e+01 3.37500e+06
3.33208e+02 6.74983e+01 3.37500e+06
3.31623e+02 6.74776e+01 3.37500e+06
3.30048e+02 6.74570e+01 3.37500e+06
3.28479e+02 6.74363e+01 3.37500e+06
3.26917e+02 6.74157e+01 3.37500e+06
3.25363e+02 6.73951e+01 3.37500e+06
3.23816e+02 6.73744e+01 3.37500e+06
3.22279e+02 6.73537e+01 3.37500e+06
3.20755e+02 6.73331e+01 3.37500e+06
3.19241e+02 6.73124e+01 3.37500e+06
3.17735e+02 6.72918e+01 3.37500e+06
3.16239e+02 6.72714e+01 3.37500e+06
3.14755e+02 6.72513e+01 3.37500e+06
3.13278e+02 6.72313e+01 3.37500e+06
3.11811e+02 6.72114e+01 3.37500e+06
3.10353e+02 6.71915e+01 3.37500e+06
3.08903e+02 6.71715e+01 3.37500e+06
3.07459e+02 6.71517e+01 3.37500e+06
3.06025e+02 6.71320e+01 3.37500e+06
3.04599e+02 6.71125e+01 3.37500e+06
3.03180e+02 6.70930e+01 3.37500e+06
3.01769e+02 6.70734e+01 3.37500e+06
3.00366e+02 6.70539e+01 3.37500e+06
2.98971e+02 6.70345e+01 3.37500e+06
2.97583e+02 6.70151e+01 3.37500e+06
2.96203e+02 6.69956e+01 3.37500e+06
2.94831e+02 6.69763e+01 3.37500e+06
2.93466e+02 6.69571e+01 3.37500e+06
2.92113e+02 6.69380e+01 3.37500e+06
2.90769e+02 6.69189e+01 3.37500e+06
2.89432e+02 6.68999e+01 3.37500e+06
2.88104e+02 6.68810e+01 3.37500e+06
2.86785e+02 6.68622e+01 3.37500e+06
2.85477e+02 6.68436e+01 3.37500e+06
2.84176e+02 6.68250e+01 3.37500e+06
2.82892e+02 6.68065e+01 3.37500e+06
2.81616e+02 6.67880e+01 3.37500e+06
2.80347e+02 6.67697e+01 3.37500e+06
2.79084e+02 6.67513e+01 3.37500e+06
2.77827e+02 6.67332e+01 3.37500e+06
2.76573e+02 6.67151e+01 3.37500e+06
2.75329e+02 6.66973e+01 3.37500e+06
2.74088e+02 6.66795e+01 3.37500e+06
2.72852e+02 6.66616e+01 3.37500e+06
2.71624e+02 6.66438e+01 3.37500e+06
2.70409e+02 6.66262e+01 3.37500e+06
2.69203e+02 6.66086e+01 3.37500e+06
2.68006e+02 6.65910e+01 3.37500e+06
2.66816e+02 6.65735e+01 3.37500e+06
2.65632e+02 6.65560e+01 3.37500e+06
2.64455e+02 6.65384e+01 3.37500e+06
2.63283e+02 6.65209e+01 3.37500e+06
2.62115e+02 6.65035e+01 3.37500e+06
2.60956e+02 6.64859e+01 3.37500e+06
2.59806e+02 6.64685e+01 3.37500e+06
2.58660e+02 6.64512e+01 3.37500e+06
2.57520e+02 6.64338e+01 3.37500e+06
2.56382e+02 6.64165e+01 3.37500e+06
2.55251e+02 6.63993e+01 3.37500e+06
2.54125e+02 6.63822e+01 3.37500e+06
2.53003e+02 6.63651e+01 3.37500e+06
2.51887e+02 6.63481e+01 3.37500e+06
2.50775e+02 6.63311e+01 3.37500e+06
2.49669e+02 6.63141e+01 3.37500e+06
2.48571e+02 6.62971e+01 3.37500e+06
2.47478e+02 6.62803e+01 3.37500e+06
2.46392e+02 6.62635e+01 3.37500e+06
2.45311e+02 6.62466e+01 3.37500e+06
2.44238e+02 6.62300e+01 3.37500e+06
2.43172e+02 6.62134e+01 3.37500e+06
2.42114e+02 6.61969e+01 3.37500e+06
2.41063e+02 6.61806e+01 3.37500e+06
2.40018e+02 6.61643e+01 3.37500e+06
2.38980e+02 6.61481e+01 3.37500e+06
2.37947e+02 6.61321e+01 3.37500e+06
2.36921e+02 6.61161e+01 3.37500e+06
2.35899e+02 6.60999e+01 3.37500e+06
2.34883e+02 6.60839e+01 3.37500e+06
2.33872e+02 6.60681e+01 3.37500e+06
2.32867e+02 6.60524e+01 3.37500e+06
2.31868e+02 6.60368e+01 3.37500e+06
2.30877e+02 6.60212e+01 3.37500e+06
2.29893e+02 6.60057e+01 3.37500e+06
2.28917e+02 6.59903e+01 3.37500e+06
2.27946e+02 6.59750e+01 3.37500e+06
2.26977e+02 6.59599e+01 3.37500e+06
2.26016e+02 6.59449e+01 3.37500e+06
2.25060e+02 6.59300e+01 3.37500e+06
2.24111e+02 6.59152e+01 3.37500e+06
2.23170e+02 6.59007e+01 3.37500e+06
2.22234e+02 6.58861e+01 3.37500e+06
2.21303e+02 6.58715e+01 3.37500e+06
2.20376e+02 6.58571e+01 3.37500e+06
2.19455e+02 6.58428e+01 3.37500e+06
2.18538e+02 6.58286e+01 3.37500e+06
2.17625e+02 6.58143e+01 3.37500e+06
2.16715e+02 6.58001e+01 3.37500e+06
2.15807e+02 6.57859e+01 3.37500e+06
2.14903e+02 6.57718e+01 3.37500e+06
2.14005e+02 6.57576e+01 3.37500e+06
2.13115e+02 6.57435e+01 3.37500e+06
2.12236e+02 6.57292e+01 3.37500e+06
2.11362e+02 6.57150e+01 3.37500e+06
2.10491e+02 6.57006e+01 3.37500e+06
2.09622e+02 6.56864e+01 3.37500e+06
2.08757e+02 6.56722e+01 3.37500e+06
2.07895e+02 6.56581e+01 3.37500e+06
2.07038e+02 6.56441e+01 3.37500e+06
2.06187e+02 6.56301e+01 3.37500e+06
2.05340e+02 6.56160e+01 3.37500e+06
2.04497e+02 6.56020e+01 3.37500e+06
2.03663e+02 6.55881e+01 3.37500e+06
2.02835e+02 6.55742e+01 3.37500e+06
2.02014e+02 6.55604e+01 3.37500e+06
2.01200e+02 6.55466e+01 3.37500e+06
2.00393e+02 6.55330e+01 3.37500e+06
1.99590e+02 6.55193e+01 3.37500e+06
1.98791e+02 6.55056e+01 3.37500e+06
1.97996e+02 6.54919e+01 3.37500e+06
1.97205e+02 6.54782e+01 3.37500e+06
1.96417e+02 6.54646e+01 3.37500e+06
1.95633e+02 6.54511e+01 3.37500e+06
1.94853e+02 6.54377e+01 3.37500e+06
1.94080e+02 6.54242e+01 3.37500e+06
1.93310e+02 6.54108e+01 3.37500e+06
1.92548e+02 6.53975e+01 3.37500e+06
1.91789e+02 6.53844e+01 3.37500e+06
1.91036e+02 6.53713e+01 3.37500e+06
1.90286e+02 6.53582e+01 3.37500e+06
1.89538e+02 6.53452e+01 3.37500e+06
1.88795e+02 6.53321e+01 3.37500e+06
1.88055e+02 6.53192e+01 3.37500e+06
1.87319e+02 6.53064e+01 3.37500e+06
1.86587e+02 6.52936e+01 3.37500e+06
1.85859e+02 6.52809e+01 3.37500e+06
1.85134e+02 6.52681e+01 3.37500e+06
1.84412e+02 6.52554e+01 3.37500e+06
1.83695e+02 6.52426e+01 3.37500e+06
1.82981e+02 6.52299e+01 3.37500e+06
1.82269e+02 6.52171e+01 3.37500e+06
1.81563e+02 6.52044e+01 3.37500e+06
1.80860e+02 6.51919e+01 3.37500e+06
1.80163e+02 6.51793e+01 3.37500e+06
1.79470e+02 6.51666e+01 3.37500e+06
1.78781e+02 6.51541e+01 3.37500e+06
1.78095e+02 6.51417e+01 3.37500e+06
1.77414e+02 6.51293e+01 3.37500e+06
1.76736e+02 6.51169e+01 3.37500e+06
1.76060e+02 6.51045e+01 3.37500e+06
1.75389e+02 6.50922e+01 3.37500e+06
1.74720e+02 6.50798e+01 3.37500e+06
1.74054e+02 6.50675e+01 3.37500e+06
1.73395e+02 6.50551e+01 3.37500e+06
1.72738e+02 6.50427e+01 3.37500e+06
1.72083e+02 6.50303e+01 3.37500e+06
1.71429e+02 6.50180e+01 3.37500e+06
1.70778e+02 6.50056e+01 3.37500e+06
1.70130e+02 6.49933e+01 3.37500e+06
1.69484e+02 6.49810e+01 3.37500e+06
1.68842e+02 6.49688e+01 3.37500e+06
1.68202e+02 6.49567e+01 3.37500e+06
1.67566e+02 6.49446e+01 3.37500e+06
1.66935e+02 6.49326e+01 3.37500e+06
1.66307e+02 6.49206e+01 3.37500e+06
1.65681e+02 6.49088e+01 3.37500e+06
1.65058e+02 6.48970e+01 3.37500e+06
1.64437e+02 6.48853e+01 3.37500e+06
1.63817e+02 6.48736e+01 3.37500e+06
1.63201e+02 6.48619e+01 3.37500e+06
1.62590e+02 6.48502e+01 3.37500e+06
1.61982e+02 6.48386e+01 3.37500e+06
1.61377e+02 6.48270e+01 3.37500e+06
1.60776e+02 6.48155e+01 3.37500e+06
1.60177e+02 6.48041e+01 3.37500e+06
1.59581e+02 6.47928e+01 3.37500e+06
1.58988e+02 6.47815e+01 3.37500e+06
1.58396e+02 6.47702e+01 3.37500e+06
1.57808e+02 6.47590e+01 3.37500e+06
1.57221e+02 6.47478e+01 3.37500e+06
1.56637e+02 6.47366e+01 3.37500e+06
1.56055e+02 6.47255e+01 3.37500e+06
1.55476e+02 6.47144e+01 3.37500e+06
1.54899e+02 6.47033e+01 3.37500e+06
1.54325e+02 6.46923e+01 3.37500e+06
1.53755e+02 6.46813e+01 3.37500e+06
1.53189e+02 6.46703e+01 3.37500e+06
1.52625e+02 6.46593e+01 3.37500e+06
1.52063e+02 6.46484e+01 3.37500e+06
1.51503e+02 6.46376e+01 3.37500e+06
1.50948e+02 6.46268e+01 3.37500e+06
1.50395e+02 6.46161e+01 3.37500e+06
1.49845e+02 6.46054e+01 3.37500e+06
1.49298e+02 6.45947e+01 3.37500e+06
1.48754e+02 6.45840e+01 3.37500e+06
1.48214e+02 6.45734e+01 3.37500e+06
1.47678e+02 6.45627e+01 3.37500e+06
1.47145e+02 6.45522e+01 3.37500e+06
1.46614e+02 6.45416e+01 3.37500e+06
1.46086e+02 6.45310e+01 3.37500e+06
1.45561e+02 6.45204e+01 3.37500e+06
1.45039e+02 6.45098e+01 3.37500e+06
1.44521e+02 6.44993e+01 3.37500e+06
1.44004e+02 6.44889e+01 3.37500e+06
1.43491e+02 6.44786e+01 3.37500e+06
1.42980e+02 6.44683e+01 3.37500e+06
1.42472e+02 6.44581e+01 3.37500e+06
1.41967e+02 6.44480e+01 3.37500e+06
1.41466e+02 6.44380e+01 3.37500e+06
1.40969e+02 6.44280e+01 3.37500e+06
1.40474e+02 6.44181e+01 3.37500e+06
1.39982e+02 6.44082e+01 3.37500e+06
1.39490e+02 6.43982e+01 3.37500e+06
1.39000e+02 6.43883e+01 3.37500e+06
1.38512e+02 6.43784e+01 3.37500e+06
1.38026e+02 6.43685e+01 3.37500e+06
1.37542e+02 6.43586e+01 3.37500e+06
1.37060e+02 6.43488e+01 3.37500e+06
1.36582e+02 6.43390e+01 3.37500e+06
1.36105e+02 6.43292e+01 3.37500e+06
1.35632e+02 6.43196e+01 3.37500e+06
1.35160e+02 6.43099e+01 3.37500e+06
1.34689e+02 6.43003e+01 3.37500e+06
1.34220e+02 6.42907e+01 3.37500e+06
1.33755e+02 6.42811e+01 3.37500e+06
1.33292e+02 6.42716e+01 3.37500e+06
1.32833e+02 6.42620e+01 3.37500e+06
1.32376e+02 6.42524e+01 3.37500e+06
1.31922e+02 6.42429e+01 3.37500e+06
1.31469e+02 6.42335e+01 3.37500e+06
1.31018e+02 6.42241e+01 3.37500e+06
1.30569e+02 6.42147e+01 3.37500e+06
1.30122e+02 6.42054e+01 3.37500e+06
1.29676e+02 6.41961e+01 3.37500e+06
1.29233e+02 6.41869e+01 3.37500e+06
1.28792e+02 6.41776e+01 3.37500e+06
1.28351e+02 6.41684e+01 3.37500e+06
1.27912e+02 6.41591e+01 3.37500e+06
1.27475e+02 6.41500e+01 3.37500e+06
1.27038e+02 6.41408e+01 3.37500e+06
1.26603e+02 6.41317e+01 3.37500e+06
1.26171e+02 2.58499e+01 3.37500e+06
1.25740e+02 2.58423e+01 3.37500e+06
1.25310e+02 2.58346e+01 3.37500e+06
1.24882e+02 2.58270e+01 3.37500e+06
1.24458e+02 2.58195e+01 3.37500e+06
1.24035e+02 2.58122e+01 3.37500e+06
1.23614e+02 2.58049e+01 3.37500e+06
1.23195e+02 2.57976e+01 3.37500e+06
1.22777e+02 2.57903e+01 3.37500e+06
1.22362e+02 2.57831e+01 3.37500e+06
1.21948e+02 2.57759e+01 3.37500e+06
1.21536e+02 2.57688e+01 3.37500e+06
1.21128e+02 2.57616e+01 3.37500e+06
1.20720e+02 2.57545e+01 3.37500e+06
1.20314e+02 2.57474e+01 3.37500e+06
1.19910e+02 2.57402e+01 3.37500e+06
1.19509e+02 2.57329e+01 3.37500e+06
1.19109e+02 2.57257e+01 3.37500e+06
1.18711e+02 2.57185e+01 3.37500e+06
1.18316e+02 2.57114e+01 3.37500e+06
1.17924e+02 2.57044e+01 3.37500e+06
1.17534e+02 2.56973e+01 3.37500e+06
1.17146e+02 2.56903e+01 3.37500e+06
1.16758e+02 2.56832e+01 3.37500e+06
1.16371e+02 2.56762e+01 3.37500e+06
1.15986e+02 2.56692e+01 3.37500e+06
1.15601e+02 2.56621e+01 3.37500e+06
1.15217e+02 2.56550e+01 3.37500e+06
1.14836e+02 2.56479e+01 3.37500e+06
1.14457e+02 2.56409e+01 3.37500e+06
1.14081e+02 2.56339e+01 3.37500e+06
1.13706e+02 2.56269e+01 3.37500e+06
1.13333e+02 2.56199e+01 3.37500e+06
1.12961e+02 2.56129e+01 3.37500e+06
1.12591e+02 2.56059e+01 3.37500e+06
1.12221e+02 2.55990e+01 3.37500e+06
1.11853e+02 2.55920e+01 3.37500e+06
1.11486e+02 2.55851e+01 3.37500e+06
1.11120e+02 2.55782e+01 3.37500e+06
1.10757e+02 2.55712e+01 3.37500e+06
1.10394e+02 2.55642e+01 3.37500e+06
1.10032e+02 2.55572e+01 3.37500e+06
1.09672e+02 2.55503e+01 3.37500e+06
1.09313e+02 2.55432e+01 3.37500e+06
1.08957e+02 2.55361e+01 3.37500e+06
1.08601e+02 2.55290e+01 3.37500e+06
1.08247e+02 2.55219e+01 3.37500e+06
1.07894e+02 2.55148e+01 3.37500e+06
1.07541e+02 2.55077e+01 3.37500e+06
1.07191e+02 2.55006e+01 3.37500e+06
1.06842e+02 2.54938e+01 3.37500e+06
1.06495e+02 2.54869e+01 3.37500e+06
1.06148e+02 2.54801e+01 3.37500e+06
1.05802e+02 2.54733e+01 3.37500e+06
1.05458e+02 2.54665e+01 3.37500e+06
1.05114e+02 2.54598e+01 3.37500e+06
1.04773e+02 2.54531e+01 3.37500e+06
1.04432e+02 2.54463e+01 3.37500e+06
1.04093e+02 2.54395e+01 3.37500e+06
1.03755e+02 2.54327e+01 3.37500e+06
1.03419e+02 2.54258e+01 3.37500e+06
1.03083e+02 2.54189e+01 3.37500e+06
1.02750e+02 2.54121e+01 3.37500e+06
1.02418e+02 2.54052e+01 3.37500e+06
1.02087e+02 2.53984e+01 3.37500e+06
1.01757e+02 2.53916e+01 3.37500e+06
1.01430e+02 2.53849e+01 3.37500e+06
1.01103e+02 2.53783e+01 3.37500e+06
1.00777e+02 2.53717e+01 3.37500e+06
1.00452e+02 2.53652e+01 3.37500e+06
1.00128e+02 2.53587e+01 3.37500e+06
9.98045e+01 2.53522e+01 3.37500e+06
9.94825e+01 2.53459e+01 3.37500e+06
9.91637e+01 2.53396e+01 3.37500e+06
9.88459e+01 2.53333e+01 3.37500e+06
9.85294e+01 2.53270e+01 3.37500e+06
9.82137e+01 2.53206e+01 3.37500e+06
9.78994e+01 2.53143e+01 3.37500e+06
9.75862e+01 2.53080e+01 3.37500e+06
9.72738e+01 2.53017e+01 3.37500e+06
9.69620e+01 2.52954e+01 3.37500e+06
9.66513e+01 2.52892e+01 3.37500e+06
9.63421e+01 2.52829e+01 3.37500e+06
9.60340e+01 2.52767e+01 3.37500e+06
9.57265e+01 2.52705e+01 3.37500e+06
9.54203e+01 2.52643e+01 3.37500e+06
9.51162e+01 2.52581e+01 3.37500e+06
9.48136e+01 2.52521e+01 3.37500e+06
9.45121e+01 2.52461e+01 3.37500e+06
9.42112e+01 2.52402e+01 3.37500e+06
9.39111e+01 2.52342e+01 3.37500e+06
9.36116e+01 2.52283e+01 3.37500e+06
9.33129e+01 2.52223e+01 3.37500e+06
9.30148e+01 2.52164e+01 3.37500e+06
9.27176e+01 2.52104e+01 3.37500e+06
9.24215e+01 2.52044e+01 3.37500e+06
9.21260e+01 2.51984e+01 3.37500e+06
9.18326e+01 2.51924e+01 3.37500e+06
9.15414e+01 2.51862e+01 3.37500e+06
9.12520e+01 2.51800e+01 3.37500e+06
9.09635e+01 2.51739e+01 3.37500e+06
9.06762e+01 2.51678e+01 3.37500e+06
9.03904e+01 2.51616e+01 3.37500e+06
9.01062e+01 2.51556e+01 3.37500e+06
8.98227e+01 2.51495e+01 3.37500e+06
8.95399e+01 2.51435e+01 3.37500e+06
8.92577e+01 2.51375e+01 3.37500e+06
8.89761e+01 2.51315e+01 3.37500e+06
8.86951e+01 2.51255e+01 3.37500e+06
8.84149e+01 2.51195e+01 3.37500e+06
8.81365e+01 2.51134e+01 3.37500e+06
8.78594e+01 2.51072e+01 3.37500e+06
8.75834e+01 2.51010e+01 3.37500e+06
8.73084e+01 2.50948e+01 3.37500e+06
8.70348e+01 2.50886e+01 3.37500e+06
8.67619e+01 2.50823e+01 3.37500e+06
8.64896e+01 2.50761e+01 3.37500e+06
8.62184e+01 2.50699e+01 3.37500e+06
8.59490e+01 2.50636e+01 3.37500e+06
8.56808e+01 2.50573e+01 3.37500e+06
8.54137e+01 2.50511e+01 3.37500e+06
8.51472e+01 2.50449e+01 3.37500e+06
8.48813e+01 2.50388e+01 3.37500e+06
8.46159e+01 2.50326e+01 3.37500e+06
8.43511e+01 2.50264e+01 3.37500e+06
8.40872e+01 2.50202e+01 3.37500e+06
8.38242e+01 2.50140e+01 3.37500e+06
8.35618e+01 2.50078e+01 3.37500e+06
8.33006e+01 2.50016e+01 3.37500e+06
8.30403e+01 2.49954e+01 3.37500e+06
8.27812e+01 2.49892e+01 3.37500e+06
8.25238e+01 2.49832e+01 3.37500e+06
8.22675e+01 2.49772e+01 3.37500e+06
8.20119e+01 2.49712e+01 3.37500e+06
8.17572e+01 2.49654e+01 3.37500e+06
8.15032e+01 2.49595e+01 3.37500e+06
8.12498e+01 2.49537e+01 3.37500e+06
8.09984e+01 2.49479e+01 3.37500e+06
8.07479e+01 2.49422e+01 3.37500e+06
8.04983e+01 2.49365e+01 3.37500e+06
8.02495e+01 2.49308e+01 3.37500e+06
8.00020e+01 2.49252e+01 3.37500e+06
7.97554e+01 2.49196e+01 3.37500e+06
7.95095e+01 2.49140e+01 3.37500e+06
7.92644e+01 2.49084e+01 3.37500e+06
7.90207e+01 2.49027e+01 3.37500e+06
7.87794e+01 2.48971e+01 3.37500e+06
7.85392e+01 2.48913e+01 3.37500e+06
7.83000e+01 2.48856e+01 3.37500e+06
7.80622e+01 2.48799e+01 3.37500e+06
7.78253e+01 2.48741e+01 3.37500e+06
7.75892e+01 2.48685e+01 3.37500e+06
7.73548e+01 2.48628e+01 3.37500e+06
7.71216e+01 2.48571e+01 3.37500e+06
7.68889e+01 2.48514e+01 3.37500e+06
7.66567e+01 2.48457e+01 3.37500e+06
7.64251e+01 2.48401e+01 3.37500e+06
7.61950e+01 2.48344e+01 3.37500e+06
7.59661e+01 2.48286e+01 3.37500e+06
7.57384e+01 2.48229e+01 3.37500e+06
7.55117e+01 2.48173e+01 3.37500e+06
7.52856e+01 2.48116e+01 3.37500e+06
7.50603e+01 2.48060e+01 3.37500e+06
7.48357e+01 2.48004e+01 3.37500e+06
7.46120e+01 2.47948e+01 3.37500e+06
7.43888e+01 2.47892e+01 3.37500e+06
7.41664e+01 2.47835e+01 3.37500e+06
7.39448e+01 2.47779e+01 3.37500e+06
7.37244e+01 2.47723e+01 3.37500e+06
7.35050e+01 2.47667e+01 3.37500e+06
7.32868e+01 2.47612e+01 3.37500e+06
7.30690e+01 2.47557e+01 3.37500e+06
7.28517e+01 2.47502e+01 3.37500e+06
7.26350e+01 2.47446e+01 3.37500e+06
7.24191e+01 2.47391e+01 3.37500e+06
7.22037e+01 2.47336e+01 3.37500e+06
7.19892e+01 2.47280e+01 3.37500e+06
7.17762e+01 2.47224e+01 3.37500e+06
7.15641e+01 2.47168e+01 3.37500e+06
7.13530e+01 2.47112e+01 3.37500e+06
7.11431e+01 2.47054e+01 3.37500e+06
7.09337e+01 2.46997e+01 3.37500e+06
7.07256e+01 2.46940e+01 3.37500e+06
7.05185e+01 2.46881e+01 3.37500e+06
7.03119e+01 2.46823e+01 3.37500e+06
7.01060e+01 2.46765e+01 3.37500e+06
6.99014e+01 2.46708e+01 3.37500e+06
6.96977e+01 2.46650e+01 3.37500e+06
6.94944e+01 2.46593e+01 3.37500e+06
6.92917e+01 2.46535e+01 3.37500e+06
6.90907e+01 2.46478e+01 3.37500e+06
6.88910e+01 2.46421e+01 3.37500e+06
6.86923e+01 2.46364e+01 3.37500e+06
6.84944e+01 2.46305e+01 3.37500e+06
6.82971e+01 2.46247e+01 3.37500e+06
6.81009e+01 2.46190e+01 3.37500e+06
6.79052e+01 2.46133e+01 3.37500e+06
6.77101e+01 2.46076e+01 3.37500e+06
6.75158e+01 2.46018e+01 3.37500e+06
6.73218e+01 2.45961e+01 3.37500e+06
6.71286e+01 2.45904e+01 3.37500e+06
6.69359e+01 2.45848e+01 3.37500e+06
6.67439e+01 2.45792e+01 3.37500e+06
6.65527e+01 2.45737e+01 3.37500e+06
6.63622e+01 2.45682e+01 3.37500e+06
6.61721e+01 2.45627e+01 3.37500e+06
6.59826e+01 2.45572e+01 3.37500e+06
6.57940e+01 2.45516e+01 3.37500e+06
6.56058e+01 2.45461e+01 3.37500e+06
6.54180e+01 2.45406e+01 3.37500e+06
6.52309e+01 2.45351e+01 3.37500e+06
6.50444e+01 2.45297e+01 3.37500e+06
6.48582e+01 2.45243e+01 3.37500e+06
6.46728e+01 2.45188e+01 3.37500e+06
6.44883e+01 2.45134e+01 3.37500e+06
6.43052e+01 2.45080e+01 3.37500e+06
6.41228e+01 2.45026e+01 3.37500e+06
6.39409e+01 2.44972e+01 3.37500e+06
6.37597e+01 2.44919e+01 3.37500e+06
6.35793e+01 2.44866e+01 3.37500e+06
6.33993e+01 2.44814e+01 3.37500e+06
6.32197e+01 2.44761e+01 3.37500e+06
6.30409e+01 2.44709e+01 3.37500e+06
6.28627e+01 2.44657e+01 3.37500e+06
6.26851e+01 2.44606e+01 3.37500e+06
6.25078e+01 2.44555e+01 3.37500e+06
6.23311e+01 2.44503e+01 3.37500e+06
6.21550e+01 2.44452e+01 3.37500e+06
6.19792e+01 2.44402e+01 3.37500e+06
6.18041e+01 2.44350e+01 3.37500e+06
6.16295e+01 2.44300e+01 3.37500e+06
6.14553e+01 2.44249e+01 3.37500e+06
6.12817e+01 2.44198e+01 3.37500e+06
6.11086e+01 2.44147e+01 3.37500e+06
6.09359e+01 2.44097e+01 3.37500e+06
6.07637e+01 2.44046e+01 3.37500e+06
6.05920e+01 2.43994e+01 3.37500e+06
6.04207e+01 2.43943e+01 3.37500e+06
6.02498e+01 2.43892e+01 3.37500e+06
6.00796e+01 2.43841e+01 3.37500e+06
5.99099e+01 2.43789e+01 3.37500e+06
5.97410e+01 2.43738e+01 3.37500e+06
5.95725e+01 2.43686e+01 3.37500e+06
5.94045e+01 2.43634e+01 3.37500e+06
5.92369e+01 2.43582e+01 3.37500e+06
5.90697e+01 2.43530e+01 3.37500e+06
5.89029e+01 2.43478e+01 3.37500e+06
5.87375e+01 2.43426e+01 3.37500e+06
5.85728e+01 2.43373e+01 3.37500e+06
5.84090e+01 2.43321e+01 3.37500e+06
5.82460e+01 2.43269e+01 3.37500e+06
5.80833e+01 2.43217e+01 3.37500e+06
5.79210e+01 2.43166e+01 3.37500e+06
5.77595e+01 2.43114e+01 3.37500e+06
5.75986e+01 2.43063e+01 3.37500e+06
5.74381e+01 2.43012e+01 3.37500e+06
5.72780e+01 2.42962e+01 3.37500e+06
5.71182e+01 2.42911e+01 3.37500e+06
5.69589e+01 2.42860e+01 3.37500e+06
5.68001e+01 2.42809e+01 3.37500e+06
5.66423e+01 2.42759e+01 3.37500e+06
5.64850e+01 2.42710e+01 3.37500e+06
5.63282e+01 2.42660e+01 3.37500e+06
5.61719e+01 2.42610e+01 3.37500e+06
5.60161e+01 2.42561e+01 3.37500e+06
5.58612e+01 2.42512e+01 3.37500e+06
5.57070e+01 2.42463e+01 3.37500e+06
5.55534e+01 2.42415e+01 3.37500e+06
5.54006e+01 2.42368e+01 3.37500e+06
5.52481e+01 2.42322e+01 3.37500e+06
5.50962e+01 2.42275e+01 3.37500e+06
5.49451e+01 2.42230e+01 3.37500e+06
5.47947e+01 2.42184e+01 3.37500e+06
5.46446e+01 2.42139e+01 3.37500e+06
5.44951e+01 2.42093e+01 3.37500e+06
5.43463e+01 2.42048e+01 3.37500e+06
5.41979e+01 2.42003e+01 3.37500e+06
5.40499e+01 2.41958e+01 3.37500e+06
5.39021e+01 2.41912e+01 3.37500e+06
5.37547e+01 2.41867e+01 3.37500e+06
5.36076e+01 2.41822e+01 3.37500e+06
5.34608e+01 2.41777e+01 3.37500e+06
5.33145e+01 2.41733e+01 3.37500e+06
5.31690e+01 2.41689e+01 3.37500e+06
5.30244e+01 2.41646e+01 3.37500e+06
5.28806e+01 2.41602e+01 3.37500e+06
5.27375e+01 2.41559e+01 3.37500e+06
5.25949e+01 2.41516e+01 3.37500e+06
5.24527e+01 2.41473e+01 3.37500e+06
5.23109e+01 2.41430e+01 3.37500e+06
5.21701e+01 2.41387e+01 3.37500e+06
5.20307e+01 2.41343e+01 3.37500e+06
5.18921e+01 2.41301e+01 3.37500e+06
5.17540e+01 2.41259e+01 3.37500e+06
5.16169e+01 2.41218e+01 3.37500e+06
5.14806e+01 2.41178e+01 3.37500e+06
5.13450e+01 2.41137e+01 3.37500e+06
5.12102e+01 2.41096e+01 3.37500e+06
5.10760e+01 2.41055e+01 3.37500e+06
5.09421e+01 2.41014e+01 3.37500e+06
5.08086e+01 2.40973e+01 3.37500e+06
5.06758e+01 2.40932e+01 3.37500e+06
5.05438e+01 2.40890e+01 3.37500e+06
5.04124e+01 2.40849e+01 3.37500e+06
5.02812e+01 2.40807e+01 3.37500e+06
5.01503e+01 2.40766e+01 3.37500e+06
5.00199e+01 2.40725e+01 3.37500e+06
4.98903e+01 2.40686e+01 3.37500e+06
4.97611e+01 2.40647e+01 3.37500e+06
4.96322e+01 2.40607e+01 3.37500e+06
4.95035e+01 2.40568e+01 3.37500e+06
4.93751e+01 2.40529e+01 3.37500e+06
4.92472e+01 2.40490e+01 3.37500e+06
4.91199e+01 2.40451e+01 3.37500e+06
4.89929e+01 2.40412e+01 3.37500e+06
4.88665e+01 2.40373e+01 3.37500e+06
4.87410e+01 2.40334e+01 3.37500e+06
4.86162e+01 2.40296e+01 3.37500e+06
4.84918e+01 2.40258e+01 3.37500e+06
4.83677e+01 2.40221e+01 3.37500e+06
4.82442e+01 2.40184e+01 3.37500e+06
4.81208e+01 2.40147e+01 3.37500e+06
4.79977e+01 2.40111e+01 3.37500e+06
4.78749e+01 2.40074e+01 3.37500e+06
4.77524e+01 2.40037e+01 3.37500e+06
4.76301e+01 2.40000e+01 3.37500e+06
4.75081e+01 2.39964e+01 3.37500e+06
4.73863e+01 2.39927e+01 3.37500e+06
4.72647e+01 2.39891e+01 3.37500e+06
4.71434e+01 2.39854e+01 3.37500e+06
4.70224e+01 2.39818e+01 3.37500e+06
4.69016e+01 2.39781e+01 3.37500e+06
4.67811e+01 2.39745e+01 3.37500e+06
4.66608e+01 2.39708e+01 3.37500e+06
4.65407e+01 2.39672e+01 3.37500e+06
4.64209e+01 2.39636e+01 3.37500e+06
4.63013e+01 2.39600e+01 3.37500e+06
4.61820e+01 2.39564e+01 3.37500e+06
4.60629e+01 2.39527e+01 3.37500e+06
4.59441e+01 2.39491e+01 3.37500e+06
4.58256e+01 2.39455e+01 3.37500e+06
4.57080e+01 2.39419e+01 3.37500e+06
4.55908e+01 2.39384e+01 3.37500e+06
4.54739e+01 2.39348e+01 3.37500e+06
4.53571e+01 2.39312e+01 3.37500e+06
4.52409e+01 2.39276e+01 3.37500e+06
4.51250e+01 2.39240e+01 3.37500e+06
4.50093e+01 2.39204e+01 3.37500e+06
4.48939e+01 2.39168e+01 3.37500e+06
4.47787e+01 2.39132e+01 3.37500e+06
4.46637e+01 2.39097e+01 3.37500e+06
4.45489e+01 2.39061e+01 3.37500e+06
4.44347e+01 2.39025e+01 3.37500e+06
4.43209e+01 2.38989e+01 3.37500e+06
4.42073e+01 2.38954e+01 3.37500e+06
4.40940e+01 2.38918e+01 3.37500e+06
4.39809e+01 2.38883e+01 3.37500e+06
4.38681e+01 2.38848e+01 3.37500e+06
4.37554e+01 2.38813e+01 3.37500e+06
4.36433e+01 2.38778e+01 3.37500e+06
4.35318e+01 2.38744e+01 3.37500e+06
4.34205e+01 2.38709e+01 3.37500e+06
4.33095e+01 2.38675e+01 3.37500e+06
4.31987e+01 2.38641e+01 3.37500e+06
4.30882e+01 2.38606e+01 3.37500e+06
4.29781e+01 2.38572e+01 3.37500e+06
4.28687e+01 2.38538e+01 3.37500e+06
4.27594e+01 2.38504e+01 3.37500e+06
4.26508e+01 2.38470e+01 3.37500e+06
4.25425e+01 2.38435e+01 3.37500e+06
4.24347e+01 2.38401e+01 3.37500e+06
4.23271e+01 2.38367e+01 3.37500e+06
4.22203e+01 2.38333e+01 3.37500e+06
4.21139e+01 2.38299e+01 3.37500e+06
4.20077e+01 2.38265e+01 3.37500e+06
4.19017e+01 2.38231e+01 3.37500e+06
4.17959e+01 2.38197e+01 3.37500e+06
4.16910e+01 2.38164e+01 3.37500e+06
4.15866e+01 2.38132e+01 3.37500e+06
4.14826e+01 2.38099e+01 3.37500e+06
4.13789e+01 2.38066e+01 3.37500e+06
4.12758e+01 2.38034e+01 3.37500e+06
4.11734e+01 2.38002e+01 3.37500e+06
4.10718e+01 2.37970e+01 3.37500e+06
4.09706e+01 2.37938e+01 3.37500e+06
4.08695e+01 2.37906e+01 3.37500e+06
4.07687e+01 2.37874e+01 3.37500e+06
4.06681e+01 2.37843e+01 3.37500e+06
4.05680e+01 2.37811e+01 3.37500e+06
4.04683e+01 2.37781e+01 3.37500e+06
4.03688e+01 2.37750e+01 3.37500e+06
4.02696e+01 2.37719e+01 3.37500e+06
4.01705e+01 2.37688e+01 3.37500e+06
4.00716e+01 2.37657e+01 3.37500e+06
3.99730e+01 2.37627e+01 3.37500e+06
3.98748e+01 2.37596e+01 3.37500e+06
3.97769e+01 2.37565e+01 3.37500e+06
3.96793e+01 2.37534e+01 3.37500e+06
3.95821e+01 2.37504e+01 3.37500e+06
3.94851e+01 2.37474e+01 3.37500e+06
3.93884e+01 2.37443e+01 3.37500e+06
3.92919e+01 2.37413e+01 3.37500e+06
3.91957e+01 2.37383e+01 3.37500e+06
3.90996e+01 2.37352e+01 3.37500e+06
3.90037e+01 2.37322e+01 3.37500e+06
3.89081e+01 2.37292e+01 3.37500e+06
3.88126e+01 2.37262e+01 3.37500e+06
3.87173e+01 2.37231e+01 3.37500e+06
3.86222e+01 2.37201e+01 3.37500e+06
3.85273e+01 2.37171e+01 3.37500e+06
3.84328e+01 2.37141e+01 3.37500e+06
3.83386e+01 2.37110e+01 3.37500e+06
3.82446e+01 2.37080e+01 3.37500e+06
3.81511e+01 2.37050e+01 3.37500e+06
3.80578e+01 2.37019e+01 3.37500e+06
3.79652e+01 2.36988e+01 3.37500e+06
3.78731e+01 2.36957e+01 3.37500e+06
3.77814e+01 2.36925e+01 3.37500e+06
3.76899e+01 2.36894e+01 3.37500e+06
3.75985e+01 2.36862e+01 3.37500e+06
3.75074e+01 2.36831e+01 3.37500e+06
3.74167e+01 2.36800e+01 3.37500e+06
3.73265e+01 2.36769e+01 3.37500e+06
3.72364e+01 2.36738e+01 3.37500e+06
3.71468e+01 2.36706e+01 3.37500e+06
3.70577e+01 2.36675e+01 3.37500e+06
3.69690e+01 2.36644e+01 3.37500e+06
3.68804e+01 2.36612e+01 3.37500e+06
3.67920e+01 2.36581e+01 3.37500e+06
3.67037e+01 2.36550e+01 3.37500e+06
3.66157e+01 2.36519e+01 3.37500e+06
3.65278e+01 2.36487e+01 3.37500e+06
3.64402e+01 2.36456e+01 3.37500e+06
3.63527e+01 2.36425e+01 3.37500e+06
3.62654e+01 2.36394e+01 3.37500e+06
3.61785e+01 2.36363e+01 3.37500e+06
3.60919e+01 2.36333e+01 3.37500e+06
3.60057e+01 2.36303e+01 3.37500e+06
3.59197e+01 2.36274e+01 3.37500e+06
3.58341e+01 2.36245e+01 3.37500e+06
3.57487e+01 2.36215e+01 3.37500e+06
3.56638e+01 2.36186e+01 3.37500e+06
3.55792e+01 2.36157e+01 3.37500e+06
3.54948e+01 2.36127e+01 3.37500e+06
3.54105e+01 2.36098e+01 3.37500e+06
3.53265e+01 2.36069e+01 3.37500e+06
3.52426e+01 2.36039e+01 3.37500e+06
3.51589e+01 2.36010e+01 3.37500e+06
3.50756e+01 2.35981e+01 3.37500e+06
3.49924e+01 2.35952e+01 3.37500e+06
3.49094e+01 2.35924e+01 3.37500e+06
3.48266e+01 2.35895e+01 3.37500e+06
3.47440e+01 2.35866e+01 3.37500e+06
3.46619e+01 2.35837e+01 3.37500e+06
3.45801e+01 2.35809e+01 3.37500e+06
3.44988e+01 2.35780e+01 3.37500e+06
3.44178e+01 2.35752e+01 3.37500e+06
3.43370e+01 2.35723e+01 3.37500e+06
3.42564e+01 2.35695e+01 3.37500e+06
3.41759e+01 2.35667e+01 3.37500e+06
3.40958e+01 2.35639e+01 3.37500e+06
3.40159e+01 2.35611e+01 3.37500e+06
3.39363e+01 2.35582e+01 3.37500e+06
3.38569e+01 2.35554e+01 3.37500e+06
3.37782e+01 2.35525e+01 3.37500e+06
3.36997e+01 2.35496e+01 3.37500e+06
3.36213e+01 2.35468e+01 3.37500e+06
3.35431e+01 2.35439e+01 3.37500e+06
3.34651e+01 2.35410e+01 3.37500e+06
3.33872e+01 2.35382e+01 3.37500e+06
3.33095e+01 2.35353e+01 3.37500e+06
3.32321e+01 2.35324e+01 3.37500e+06
3.31549e+01 2.35295e+01 3.37500e+06
3.30779e+01 2.35266e+01 3.37500e+06
3.30010e+01 2.35237e+01 3.37500e+06
3.29245e+01 2.35208e+01 3.37500e+06
3.28486e+01 2.35180e+01 3.37500e+06
3.27729e+01 2.35152e+01 3.37500e+06
3.26975e+01 2.35124e+01 3.37500e+06
3.26224e+01 2.35096e+01 3.37500e+06
3.25473e+01 2.35067e+01 3.37500e+06
3.24724e+01 2.35039e+01 3.37500e+06
3.23977e+01 2.35011e+01 3.37500e+06
3.23231e+01 2.34983e+01 3.37500e+06
3.22487e+01 2.34955e+01 3.37500e+06
3.21744e+01 2.34927e+01 3.37500e+06
3.21002e+01 2.34899e+01 3.37500e+06
3.20262e+01 2.34871e+01 3.37500e+06
3.19523e+01 2.34843e+01 3.37500e+06
3.18786e+01 2.34815e+01 3.37500e+06
3.18051e+01 2.34787e+01 3.37500e+06
3.17319e+01 2.34760e+01 3.37500e+06
3.16587e+01 2.34732e+01 3.37500e+06
3.15858e+01 2.34705e+01 3.37500e+06
3.15131e+01 2.34677e+01 3.37500e+06
3.14407e+01 2.34650e+01 3.37500e+06
3.13684e+01 2.34623e+01 3.37500e+06
3.12962e+01 2.34595e+01 3.37500e+06
0.00000e+00 2.34568e+01 3.37500e+06
