0.00000e+00 6.85172e+07 1.43886e+04
0.00000e+00 6.85172e+07 1.43886e+04
1.00000e-03 6.85126e+07 2.26092e+04
2.00000e-03 6.84986e+07 3.39070e+04
3.00000e-03 6.84753e+07 4.93024e+04
4.00000e-03 6.84427e+07 6.15986e+04
5.00000e-03 6.84008e+07 7.38730e+04
6.00000e-03 6.83496e+07 7.17673e+04
7.00000e-03 6.82892e+07 8.19471e+04
8.00000e-03 6.82196e+07 1.10516e+05
9.00000e-03 6.81407e+07 1.32874e+05
1.00000e-02 6.80527e+07 1.34744e+05
1.10000e-02 6.79555e+07 1.34552e+05
1.20000e-02 6.78492e+07 1.98459e+05
1.30000e-02 6.77339e+07 2.13362e+05
1.40000e-02 6.76095e+07 1.97759e+05
1.50000e-02 6.74762e+07 2.26721e+05
1.60000e-02 6.73339e+07 1.88873e+05
1.70000e-02 6.71829e+07 1.99534e+05
1.80000e-02 6.70230e+07 2.29220e+05
1.90000e-02 6.68543e+07 2.00564e+05
2.00000e-02 6.66770e+07 3.78062e+05
2.10000e-02 6.64911e+07 3.07191e+05
2.20000e-02 6.62966e+07 2.28725e+05
2.30000e-02 6.60937e+07 3.09321e+05
2.40000e-02 6.58824e+07 3.21180e+05
2.50000e-02 6.56628e+07 3.58522e+05
2.60000e-02 6.54350e+07 3.71020e+05
2.70000e-02 6.51990e+07 3.55991e+05
2.80000e-02 6.49550e+07 3.10813e+05
2.90000e-02 6.47031e+07 3.49400e+05
3.00000e-02 6.44433e+07 3.29630e+05
3.10000e-02 6.41757e+07 4.31265e+05
3.20000e-02 6.39005e+07 3.47941e+05
3.30000e-02 6.36177e+07 3.56899e+05
3.40000e-02 6.33275e+07 3.32473e+05
3.50000e-02 6.30299e+07 3.40364e+05
3.60000e-02 6.27252e+07 3.82940e+05
3.70000e-02 6.24132e+07 3.91333e+05
3.80000e-02 6.20943e+07 4.35904e+05
3.90000e-02 6.17685e+07 4.44736e+05
4.00000e-02 6.14359e+07 6.04532e+05
4.10000e-02 6.10967e+07 4.61892e+05
4.20000e-02 6.07510e+07 3.91844e+05
4.30000e-02 6.03988e+07 3.98633e+05
4.40000e-02 6.00404e+07 4.86328e+05
4.50000e-02 5.96759e+07 5.35292e+05
4.60000e-02 5.93053e+07 6.27152e+05
4.70000e-02 5.89288e+07 5.51571e+05
4.80000e-02 5.85466e+07 5.16378e+05
4.90000e-02 5.81588e+07 4.36188e+05
5.00000e-02 5.77655e+07 6.62854e+05
5.10000e-02 5.73669e+07 8.05423e+05
5.20000e-02 5.69631e+07 4.52852e+05
5.30000e-02 5.65542e+07 4.58082e+05
5.40000e-02 5.61404e+07 5.09466e+05
5.50000e-02 5.57218e+07 6.55279e+05
5.60000e-02 5.52986e+07 5.20074e+05
5.70000e-02 5.48709e+07 5.72841e+05
5.80000e-02 5.44389e+07 7.22662e+05
5.90000e-02 5.40026e+07 5.83217e+05
6.00000e-02 5.35623e+07 5.88100e+05
6.10000e-02 5.31182e+07 7.40982e+05
6.20000e-02 5.26702e+07 7.96354e+05
6.30000e-02 5.22187e+07 5.01289e+05
6.40000e-02 5.17636e+07 5.04684e+05
6.50000e-02 5.13053e+07 6.60283e+05
6.60000e-02 5.08438e+07 5.62065e+05
6.70000e-02 5.03793e+07 6.16626e+05
6.80000e-02 4.99120e+07 6.71549e+05
6.90000e-02 4.94419e+07 9.34432e+05
7.00000e-02 4.89693e+07 5.73661e+05
7.10000e-02 4.84943e+07 5.76098e+05
7.20000e-02 4.80169e+07 5.25772e+05
7.30000e-02 4.75375e+07 6.85951e+05
7.40000e-02 4.70561e+07 8.46993e+05
7.50000e-02 4.65729e+07 8.49474e+05
7.60000e-02 4.60880e+07 6.91998e+05
7.70000e-02 4.56016e+07 9.06999e+05
7.80000e-02 4.51138e+07 5.88048e+05
7.90000e-02 4.46248e+07 5.89038e+05
8.00000e-02 4.41346e+07 5.89851e+05
8.10000e-02 4.36435e+07 8.05215e+05
8.20000e-02 4.31517e+07 6.44681e+05
8.30000e-02 4.26591e+07 1.02125e+06
8.40000e-02 4.21660e+07 6.45136e+05
8.50000e-02 4.16726e+07 5.37575e+05
8.60000e-02 4.11789e+07 7.52338e+05
8.70000e-02 4.06851e+07 5.90748e+05
8.80000e-02 4.01913e+07 5.36557e+05
8.90000e-02 3.96977e+07 6.43109e+05
9.00000e-02 3.92043e+07 8.02717e+05
9.10000e-02 3.87114e+07 5.34226e+05
9.20000e-02 3.82191e+07 6.39797e+05
9.30000e-02 3.77274e+07 6.38360e+05
9.40000e-02 3.72365e+07 6.36757e+05
9.50000e-02 3.67466e+07 7.93744e+05
9.60000e-02 3.62577e+07 7.38588e+05
9.70000e-02 3.57700e+07 6.83583e+05
9.80000e-02 3.52836e+07 5.23976e+05
9.90000e-02 3.47986e+07 8.35193e+05
1.00000e-01 3.43151e+07 5.71881e+05
1.01000e-01 3.38333e+07 7.76502e+05
1.02000e-01 3.33532e+07 9.27588e+05
1.03000e-01 3.28750e+07 7.18017e+05
1.04000e-01 3.23987e+07 5.61328e+05
1.05000e-01 3.19245e+07 6.09145e+05
1.06000e-01 3.14525e+07 8.07734e+05
1.07000e-01 3.09828e+07 8.03108e+05
1.08000e-01 3.05154e+07 5.98737e+05
1.09000e-01 3.00505e+07 6.44610e+05
1.10000e-01 2.95882e+07 6.40463e+05
1.11000e-01 2.91285e+07 4.89378e+05
1.12000e-01 2.86715e+07 5.83201e+05
1.13000e-01 2.82174e+07 5.30790e+05
1.14000e-01 2.77662e+07 6.22680e+05
1.15000e-01 2.73180e+07 5.22885e+05
1.16000e-01 2.68729e+07 5.65962e+05
1.17000e-01 2.64309e+07 5.14627e+05
1.18000e-01 2.59922e+07 5.10371e+05
1.19000e-01 2.55567e+07 5.06037e+05
1.20000e-01 2.51246e+07 5.47227e+05
1.21000e-01 2.46960e+07 4.97142e+05
1.22000e-01 2.42708e+07 6.26927e+05
1.23000e-01 2.38493e+07 7.09766e+05
1.24000e-01 2.34313e+07 5.71147e+05
1.25000e-01 2.30171e+07 5.65533e+05
1.26000e-01 2.26065e+07 6.02920e+05
1.27000e-01 2.21998e+07 4.68860e+05
1.28000e-01 2.17969e+07 5.06123e+05
1.29000e-01 2.13980e+07 4.17258e+05
1.30000e-01 2.10029e+07 5.36514e+05
1.31000e-01 2.06119e+07 4.48920e+05
1.32000e-01 2.02248e+07 5.24522e+05
1.33000e-01 1.98419e+07 5.18457e+05
1.34000e-01 1.94630e+07 3.94115e+05
1.35000e-01 1.90883e+07 5.84084e+05
1.36000e-01 1.87178e+07 5.76956e+05
1.37000e-01 1.83514e+07 4.55833e+05
1.38000e-01 1.79893e+07 3.75062e+05
1.39000e-01 1.76315e+07 7.03466e+05
1.40000e-01 1.72780e+07 4.38493e+05
1.41000e-01 1.69287e+07 4.32677e+05
1.42000e-01 1.65838e+07 5.69126e+05
1.43000e-01 1.62432e+07 4.21001e+05
1.44000e-01 1.59070e+07 3.80553e+05
1.45000e-01 1.55752e+07 3.75184e+05
1.46000e-01 1.52477e+07 5.37908e+05
1.47000e-01 1.49247e+07 3.64439e+05
1.48000e-01 1.46060e+07 5.22282e+05
1.49000e-01 1.42918e+07 4.18011e+05
1.50000e-01 1.39820e+07 3.80007e+05
1.51000e-01 1.36766e+07 4.05350e+05
1.52000e-01 1.33756e+07 3.68344e+05
1.53000e-01 1.30790e+07 4.53165e+05
1.54000e-01 1.27869e+07 4.75648e+05
1.55000e-01 1.24992e+07 3.21713e+05
1.56000e-01 1.22158e+07 3.45204e+05
1.57000e-01 1.19369e+07 3.96051e+05
1.58000e-01 1.16624e+07 2.78136e+05
1.59000e-01 1.13922e+07 3.00744e+05
1.60000e-01 1.11264e+07 3.22432e+05
1.61000e-01 1.08650e+07 3.43215e+05
1.62000e-01 1.06079e+07 3.37164e+05
1.63000e-01 1.03551e+07 2.80203e+05
1.64000e-01 1.01066e+07 2.50135e+05
1.65000e-01 9.86237e+06 3.43798e+05
1.66000e-01 9.62241e+06 2.41042e+05
1.67000e-01 9.38668e+06 4.96743e+05
1.68000e-01 9.15516e+06 3.48127e+05
1.69000e-01 8.92783e+06 2.95962e+05
1.70000e-01 8.70466e+06 2.67935e+05
1.71000e-01 8.48562e+06 2.84614e+05
1.72000e-01 8.27068e+06 2.79019e+05
1.73000e-01 8.05981e+06 3.15552e+05
1.74000e-01 7.85298e+06 2.06149e+05
1.75000e-01 7.65016e+06 2.62565e+05
1.76000e-01 7.45131e+06 2.57194e+05
1.77000e-01 7.25641e+06 2.32508e+05
1.78000e-01 7.06541e+06 2.08688e+05
1.79000e-01 6.87828e+06 2.60014e+05
1.80000e-01 6.69499e+06 1.99958e+05
1.81000e-01 6.51549e+06 2.66828e+05
1.82000e-01 6.33975e+06 1.74038e+05
1.83000e-01 6.16773e+06 2.21314e+05
1.84000e-01 5.99939e+06 2.83041e+05
1.85000e-01 5.83469e+06 2.60480e+05
1.86000e-01 5.67359e+06 1.75071e+05
1.87000e-01 5.51604e+06 2.02232e+05
1.88000e-01 5.36200e+06 1.52023e+05
1.89000e-01 5.21144e+06 1.63391e+05
1.90000e-01 5.06431e+06 1.74121e+05
1.91000e-01 4.92056e+06 2.12582e+05
1.92000e-01 4.78015e+06 2.07589e+05
1.93000e-01 4.64304e+06 1.48633e+05
1.94000e-01 4.50919e+06 1.31901e+05
1.95000e-01 4.37854e+06 1.28735e+05
1.96000e-01 4.25105e+06 1.63310e+05
1.97000e-01 4.12668e+06 1.34823e+05
1.98000e-01 4.00538e+06 1.19564e+05
1.99000e-01 3.88711e+06 1.39940e+05
2.00000e-01 3.77182e+06 1.25095e+05
2.01000e-01 3.65946e+06 1.21971e+05
2.02000e-01 3.54999e+06 1.29716e+05
2.03000e-01 3.44336e+06 1.26440e+05
2.04000e-01 3.33953e+06 1.12958e+05
2.05000e-01 3.23845e+06 1.00066e+05
2.06000e-01 3.14007e+06 1.46244e+05
2.07000e-01 3.04435e+06 1.61467e+05
2.08000e-01 2.95124e+06 1.20272e+05
2.09000e-01 2.86070e+06 9.01086e+04
2.10000e-01 2.77268e+06 1.22851e+05
2.11000e-01 2.68713e+06 9.39903e+04
2.12000e-01 2.60402e+06 9.98318e+04
2.13000e-01 2.52329e+06 1.13388e+05
2.14000e-01 2.44490e+06 1.02495e+05
2.15000e-01 2.36881e+06 8.44183e+04
2.16000e-01 2.29497e+06 1.04573e+05
2.17000e-01 2.22333e+06 9.45072e+04
2.18000e-01 2.15386e+06 8.48988e+04
2.19000e-01 2.08651e+06 7.57333e+04
2.20000e-01 2.02123e+06 6.69975e+04
2.21000e-01 1.95799e+06 7.82350e+04
2.22000e-01 1.89675e+06 7.61293e+04
2.23000e-01 1.83745e+06 6.17332e+04
2.24000e-01 1.78005e+06 8.41000e+04
2.25000e-01 1.72453e+06 7.01493e+04
2.26000e-01 1.67083e+06 6.82649e+04
2.27000e-01 1.61891e+06 6.64365e+04
2.28000e-01 1.56874e+06 5.92722e+04
2.29000e-01 1.52027e+06 5.76914e+04
2.30000e-01 1.47347e+06 6.63702e+04
2.31000e-01 1.42830e+06 6.46152e+04
2.32000e-01 1.38471e+06 5.32344e+04
2.33000e-01 1.34267e+06 7.54046e+04
2.34000e-01 1.30215e+06 5.04920e+04
2.35000e-01 1.26310e+06 4.47140e+04
2.36000e-01 1.22549e+06 5.22807e+04
2.37000e-01 1.18928e+06 7.21804e+04
2.38000e-01 1.15444e+06 5.79437e+04
2.39000e-01 1.12093e+06 6.05326e+04
2.40000e-01 1.08872e+06 4.32948e+04
2.41000e-01 1.05777e+06 4.60798e+04
2.42000e-01 1.02805e+06 4.49704e+04
2.43000e-01 9.99529e+05 5.12200e+04
2.44000e-01 9.72169e+05 5.35956e+04
2.45000e-01 9.45939e+05 3.83991e+04
2.46000e-01 9.20809e+05 4.09432e+04
2.47000e-01 8.96746e+05 3.66988e+04
2.48000e-01 8.73721e+05 3.59007e+04
2.49000e-01 8.51703e+05 3.83303e+04
2.50000e-01 8.30663e+05 3.44050e+04
2.51000e-01 8.10570e+05 4.90269e+04
2.52000e-01 7.91397e+05 3.60435e+04
2.53000e-01 7.73116e+05 4.41876e+04
2.54000e-01 7.55698e+05 3.17990e+04
2.55000e-01 7.39116e+05 3.12224e+04
2.56000e-01 7.23344e+05 4.18302e+04
2.57000e-01 7.08356e+05 3.28979e+04
2.58000e-01 6.94126e+05 3.50587e+04
2.59000e-01 6.80629e+05 2.92002e+04
2.60000e-01 6.67840e+05 3.13765e+04
2.61000e-01 6.55735e+05 2.57704e+04
2.62000e-01 6.44291e+05 3.05013e+04
2.63000e-01 6.33484e+05 2.75939e+04
2.64000e-01 6.23291e+05 2.97302e+04
2.65000e-01 6.13691e+05 3.91764e+04
2.66000e-01 6.04662e+05 2.42151e+04
2.67000e-01 5.96182e+05 2.39650e+04
2.68000e-01 5.88231e+05 2.37336e+04
2.69000e-01 5.80788e+05 2.35198e+04
2.70000e-01 5.73834e+05 2.79893e+04
2.71000e-01 5.67350e+05 2.77748e+04
2.72000e-01 5.61316e+05 3.44774e+04
2.73000e-01 5.55714e+05 2.28383e+04
2.74000e-01 5.50526e+05 3.17889e+04
2.75000e-01 5.45735e+05 2.25919e+04
2.76000e-01 5.41323e+05 3.14850e+04
2.77000e-01 5.37274e+05 2.24023e+04
2.78000e-01 5.33572e+05 2.45603e+04
2.79000e-01 5.30200e+05 2.67198e+04
2.80000e-01 5.27144e+05 2.66605e+04
2.81000e-01 5.24388e+05 2.66155e+04
2.82000e-01 5.21918e+05 2.87999e+04
2.83000e-01 5.19720e+05 3.32084e+04
2.84000e-01 5.17779e+05 2.87738e+04
2.85000e-01 5.16083e+05 2.65671e+04
2.86000e-01 5.14617e+05 2.43687e+04
2.87000e-01 5.13370e+05 2.21770e+04
2.88000e-01 5.12330e+05 2.44297e+04
2.89000e-01 5.11483e+05 3.55995e+04
2.90000e-01 5.10819e+05 2.45266e+04
2.91000e-01 5.10326e+05 2.23530e+04
2.92000e-01 5.09994e+05 2.46565e+04
2.93000e-01 5.09811e+05 2.92297e+04
2.94000e-01 5.09767e+05 2.25584e+04
2.95000e-01 5.09852e+05 2.71674e+04
2.96000e-01 5.10057e+05 2.95427e+04
2.97000e-01 5.10372e+05 2.28155e+04
2.98000e-01 5.10787e+05 2.52022e+04
2.99000e-01 5.11295e+05 2.30112e+04
3.00000e-01 5.11886e+05 2.54256e+04
3.01000e-01 5.12553e+05 3.01885e+04
3.02000e-01 5.13286e+05 3.03310e+04
3.03000e-01 5.14080e+05 3.98566e+04
3.04000e-01 5.14925e+05 3.53419e+04
3.05000e-01 5.15815e+05 2.60468e+04
3.06000e-01 5.16742e+05 3.09380e+04
3.07000e-01 5.17701e+05 2.39207e+04
3.08000e-01 5.18684e+05 3.12563e+04
3.09000e-01 5.19685e+05 2.65846e+04
3.10000e-01 5.20698e+05 4.37273e+04
3.11000e-01 5.21718e+05 3.17433e+04
3.12000e-01 5.22738e+05 2.45440e+04
3.13000e-01 5.23754e+05 2.46698e+04
3.14000e-01 5.24760e+05 2.97554e+04
3.15000e-01 5.25751e+05 2.74130e+04
3.16000e-01 5.26722e+05 2.50458e+04
3.17000e-01 5.27670e+05 2.76869e+04
3.18000e-01 5.28589e+05 2.52921e+04
3.19000e-01 5.29475e+05 2.79556e+04
3.20000e-01 5.30325e+05 3.83016e+04
3.21000e-01 5.31135e+05 4.36093e+04
3.22000e-01 5.31900e+05 3.86546e+04
3.23000e-01 5.32618e+05 4.65901e+04
3.24000e-01 5.33286e+05 2.59953e+04
3.25000e-01 5.33900e+05 3.13259e+04
3.26000e-01 5.34457e+05 2.62123e+04
3.27000e-01 5.34956e+05 4.21064e+04
3.28000e-01 5.35392e+05 2.90605e+04
3.29000e-01 5.35764e+05 2.91685e+04
3.30000e-01 5.36070e+05 3.45966e+04
3.31000e-01 5.36307e+05 3.73848e+04
3.32000e-01 5.36474e+05 3.75109e+04
3.33000e-01 5.36568e+05 3.22543e+04
3.34000e-01 5.36589e+05 3.50483e+04
3.35000e-01 5.36535e+05 3.51492e+04
3.36000e-01 5.36404e+05 3.52455e+04
3.37000e-01 5.36195e+05 2.71815e+04
3.38000e-01 5.35907e+05 3.81470e+04
3.39000e-01 5.35540e+05 3.00400e+04
3.40000e-01 5.35091e+05 3.83131e+04
3.41000e-01 5.34562e+05 3.56453e+04
3.42000e-01 5.33950e+05 3.84568e+04
3.43000e-01 5.33257e+05 2.75129e+04
3.44000e-01 5.32480e+05 3.03093e+04
3.45000e-01 5.31621e+05 2.75893e+04
3.46000e-01 5.30679e+05 3.86697e+04
3.47000e-01 5.29654e+05 4.14702e+04
3.48000e-01 5.28545e+05 3.59695e+04
3.49000e-01 5.27354e+05 2.76862e+04
3.50000e-01 5.26081e+05 3.04683e+04
3.51000e-01 5.24726e+05 2.77073e+04
3.52000e-01 5.23289e+05 3.87931e+04
3.53000e-01 5.21770e+05 3.04782e+04
3.54000e-01 5.20172e+05 3.04713e+04
3.55000e-01 5.18493e+05 3.04591e+04
3.56000e-01 5.16736e+05 3.04409e+04
3.57000e-01 5.14900e+05 4.14790e+04
3.58000e-01 5.12987e+05 3.31526e+04
3.59000e-01 5.10997e+05 3.31165e+04
3.60000e-01 5.08933e+05 3.30752e+04
3.61000e-01 5.06794e+05 3.30272e+04
3.62000e-01 5.04582e+05 2.74795e+04
3.63000e-01 5.02298e+05 3.29161e+04
3.64000e-01 4.99943e+05 3.28514e+04
3.65000e-01 4.97520e+05 3.00493e+04
3.66000e-01 4.95028e+05 4.08830e+04
3.67000e-01 4.92469e+05 3.26252e+04
3.68000e-01 4.89846e+05 3.79642e+04
3.69000e-01 4.87158e+05 3.24507e+04
3.70000e-01 4.84409e+05 3.23531e+04
3.71000e-01 4.81599e+05 2.95635e+04
3.72000e-01 4.78729e+05 3.48245e+04
3.73000e-01 4.75803e+05 3.47038e+04
3.74000e-01 4.72820e+05 3.72381e+04
3.75000e-01 4.69783e+05 3.70973e+04
3.76000e-01 4.66694e+05 3.69513e+04
3.77000e-01 4.63554e+05 2.89134e+04
3.78000e-01 4.60364e+05 4.44938e+04
3.79000e-01 4.57128e+05 2.86638e+04
3.80000e-01 4.53846e+05 3.11261e+04
3.81000e-01 4.50520e+05 3.09781e+04
3.82000e-01 4.47152e+05 3.33958e+04
3.83000e-01 4.43744e+05 2.81149e+04
3.84000e-01 4.40299e+05 3.55977e+04
3.85000e-01 4.36816e+05 4.04643e+04
3.86000e-01 4.33299e+05 3.26978e+04
3.87000e-01 4.29750e+05 3.50134e+04
3.88000e-01 4.26170e+05 3.48102e+04
3.89000e-01 4.22561e+05 2.71881e+04
3.90000e-01 4.18925e+05 2.45672e+04
3.91000e-01 4.15265e+05 3.17385e+04
3.92000e-01 4.11581e+05 2.91112e+04
3.93000e-01 4.07876e+05 3.37422e+04
3.94000e-01 4.04152e+05 2.63376e+04
3.95000e-01 4.00411e+05 2.85372e+04
3.96000e-01 3.96654e+05 2.36169e+04
3.97000e-01 3.92884e+05 2.81415e+04
3.98000e-01 3.89103e+05 2.79411e+04
3.99000e-01 3.85312e+05 3.00498e+04
4.00000e-01 3.81513e+05 2.75333e+04
4.01000e-01 3.77708e+05 2.96034e+04
4.02000e-01 3.73900e+05 2.48589e+04
4.03000e-01 3.70090e+05 2.69085e+04
4.04000e-01 3.66279e+05 2.66976e+04
4.05000e-01 3.62470e+05 2.20711e+04
4.06000e-01 3.58664e+05 3.06515e+04
4.07000e-01 3.54864e+05 3.25731e+04
4.08000e-01 3.51071e+05 3.01505e+04
4.09000e-01 3.47287e+05 4.05765e+04
4.10000e-01 3.43513e+05 2.54118e+04
4.11000e-01 3.39751e+05 2.51949e+04
4.12000e-01 3.36004e+05 2.49772e+04
4.13000e-01 3.32271e+05 2.47605e+04
4.14000e-01 3.28556e+05 2.65882e+04
4.15000e-01 3.24860e+05 2.22991e+04
4.16000e-01 3.21184e+05 2.00901e+04
4.17000e-01 3.17530e+05 2.58827e+04
4.18000e-01 3.13899e+05 2.56501e+04
4.19000e-01 3.10292e+05 2.93238e+04
4.20000e-01 3.06712e+05 2.13072e+04
4.21000e-01 3.03159e+05 2.11115e+04
4.22000e-01 2.99635e+05 1.90148e+04
4.23000e-01 2.96140e+05 2.82557e+04
4.24000e-01 2.92677e+05 2.05271e+04
4.25000e-01 2.89246e+05 2.21830e+04
4.26000e-01 2.85849e+05 2.92975e+04
4.27000e-01 2.82486e+05 2.17664e+04
4.28000e-01 2.79159e+05 1.79666e+04
4.29000e-01 2.75869e+05 1.95769e+04
4.30000e-01 2.72616e+05 2.46799e+04
4.31000e-01 2.69401e+05 2.26976e+04
4.32000e-01 2.66226e+05 2.24829e+04
4.33000e-01 2.63091e+05 2.22689e+04
4.34000e-01 2.59996e+05 2.37545e+04
4.35000e-01 2.56943e+05 2.01674e+04
4.36000e-01 2.53933e+05 1.66484e+04
4.37000e-01 2.50965e+05 1.81399e+04
4.38000e-01 2.48041e+05 1.79683e+04
4.39000e-01 2.45160e+05 1.94184e+04
4.40000e-01 2.42324e+05 1.76339e+04
4.41000e-01 2.39533e+05 2.06467e+04
4.42000e-01 2.36788e+05 1.57356e+04
4.43000e-01 2.34087e+05 1.87094e+04
4.44000e-01 2.31433e+05 2.00840e+04
4.45000e-01 2.28825e+05 2.29618e+04
4.46000e-01 2.26264e+05 1.82038e+04
4.47000e-01 2.23749e+05 2.25526e+04
4.48000e-01 2.21281e+05 1.49016e+04
4.49000e-01 2.18861e+05 1.77261e+04
4.50000e-01 2.16487e+05 2.19666e+04
4.51000e-01 2.14160e+05 1.74216e+04
4.52000e-01 2.11881e+05 2.30326e+04
4.53000e-01 2.09649e+05 2.14117e+04
4.54000e-01 2.07464e+05 2.12352e+04
4.55000e-01 2.05326e+05 2.38712e+04
4.56000e-01 2.03235e+05 2.22864e+04
4.57000e-01 2.01191e+05 1.79651e+04
4.58000e-01 1.99194e+05 1.50826e+04
4.59000e-01 1.97243e+05 1.63276e+04
4.60000e-01 1.95339e+05 1.75572e+04
4.61000e-01 1.93480e+05 1.87667e+04
4.62000e-01 1.91668e+05 1.46399e+04
4.63000e-01 1.89902e+05 1.58578e+04
4.64000e-01 1.88180e+05 1.83718e+04
4.65000e-01 1.86504e+05 1.30345e+04
4.66000e-01 1.84872e+05 1.55380e+04
4.67000e-01 1.83285e+05 1.54367e+04
4.68000e-01 1.81742e+05 2.04551e+04
4.69000e-01 1.80242e+05 1.65169e+04
4.70000e-01 1.78785e+05 1.38924e+04
4.71000e-01 1.77371e+05 1.50678e+04
4.72000e-01 1.76000e+05 1.87294e+04
4.73000e-01 1.74670e+05 1.49029e+04
4.74000e-01 1.73381e+05 1.48230e+04
4.75000e-01 1.72133e+05 1.47478e+04
4.76000e-01 1.70925e+05 2.07923e+04
4.77000e-01 1.69756e+05 1.70402e+04
4.78000e-01 1.68627e+05 1.93862e+04
4.79000e-01 1.67537e+05 1.32709e+04
4.80000e-01 1.66484e+05 2.16233e+04
4.81000e-01 1.65468e+05 1.43597e+04
4.82000e-01 1.64490e+05 1.54946e+04
4.83000e-01 1.63547e+05 1.54377e+04
4.84000e-01 1.62639e+05 1.42010e+04
4.85000e-01 1.61767e+05 1.53334e+04
4.86000e-01 1.60928e+05 1.64623e+04
4.87000e-01 1.60123e+05 1.28966e+04
4.88000e-01 1.59350e+05 1.87049e+04
4.89000e-01 1.58610e+05 1.74897e+04
4.90000e-01 1.57900e+05 1.86105e+04
4.91000e-01 1.57222e+05 1.16060e+04
4.92000e-01 1.56573e+05 1.50553e+04
4.93000e-01 1.55953e+05 1.15586e+04
4.94000e-01 1.55361e+05 1.26919e+04
4.95000e-01 1.54797e+05 1.15188e+04
4.96000e-01 1.54259e+05 1.61035e+04
4.97000e-01 1.53748e+05 1.14869e+04
4.98000e-01 1.53262e+05 1.49160e+04
4.99000e-01 1.52801e+05 1.60460e+04
5.00000e-01 1.52363e+05 2.06129e+04
5.01000e-01 1.51949e+05 1.25859e+04
5.02000e-01 1.51556e+05 1.82968e+04
5.03000e-01 1.51185e+05 1.60029e+04
5.04000e-01 1.50835e+05 1.25679e+04
5.05000e-01 1.50505e+05 1.37077e+04
5.06000e-01 1.50194e+05 1.37053e+04
5.07000e-01 1.49902e+05 1.71326e+04
5.08000e-01 1.49628e+05 1.37072e+04
5.09000e-01 1.49370e+05 1.25681e+04
5.10000e-01 1.49129e+05 1.37159e+04
5.11000e-01 1.48904e+05 1.60082e+04
5.12000e-01 1.48694e+05 2.05929e+04
5.13000e-01 1.48498e+05 1.94588e+04
5.14000e-01 1.48316e+05 1.83277e+04
5.15000e-01 1.48147e+05 1.14634e+04
5.16000e-01 1.47990e+05 1.37686e+04
5.17000e-01 1.47845e+05 1.72270e+04
5.18000e-01 1.47712e+05 1.26458e+04
5.19000e-01 1.47588e+05 1.72632e+04
5.20000e-01 1.47475e+05 1.38263e+04
5.21000e-01 1.47372e+05 1.15367e+04
5.22000e-01 1.47277e+05 1.15504e+04
5.23000e-01 1.47190e+05 1.50375e+04
5.24000e-01 1.47112e+05 1.15830e+04
5.25000e-01 1.47040e+05 1.50793e+04
5.26000e-01 1.46976e+05 1.16161e+04
5.27000e-01 1.46918e+05 2.09420e+04
5.28000e-01 1.46866e+05 1.28173e+04
5.29000e-01 1.46819e+05 1.98394e+04
5.30000e-01 1.46777e+05 1.40281e+04
5.31000e-01 1.46740e+05 1.28803e+04
5.32000e-01 1.46707e+05 1.40743e+04
5.33000e-01 1.46678e+05 1.64479e+04
5.34000e-01 1.46653e+05 1.76516e+04
5.35000e-01 1.46630e+05 1.41469e+04
5.36000e-01 1.46610e+05 2.12585e+04
5.37000e-01 1.46593e+05 1.18309e+04
5.38000e-01 1.46577e+05 1.18523e+04
5.39000e-01 1.46564e+05 1.66218e+04
5.40000e-01 1.46551e+05 1.30839e+04
5.41000e-01 1.46540e+05 1.31074e+04
5.42000e-01 1.46530e+05 1.31304e+04
5.43000e-01 1.46520e+05 1.55479e+04
5.44000e-01 1.46510e+05 1.43768e+04
5.45000e-01 1.46500e+05 1.56015e+04
5.46000e-01 1.46490e+05 1.68316e+04
5.47000e-01 1.46479e+05 1.80659e+04
5.48000e-01 1.46467e+05 1.68898e+04
5.49000e-01 1.46455e+05 1.20862e+04
5.50000e-01 1.46440e+05 1.81594e+04
5.51000e-01 1.46425e+05 1.21268e+04
5.52000e-01 1.46407e+05 1.33620e+04
5.53000e-01 1.46387e+05 1.46001e+04
5.54000e-01 1.46365e+05 1.34065e+04
5.55000e-01 1.46341e+05 1.22075e+04
5.56000e-01 1.46314e+05 1.22268e+04
5.57000e-01 1.46283e+05 1.22465e+04
5.58000e-01 1.46250e+05 1.22641e+04
5.59000e-01 1.46213e+05 1.35115e+04
5.60000e-01 1.46173e+05 1.23019e+04
5.61000e-01 1.46128e+05 1.60163e+04
5.62000e-01 1.46080e+05 1.48046e+04
5.63000e-01 1.46028e+05 1.48259e+04
5.64000e-01 1.45971e+05 1.73193e+04
5.65000e-01 1.45910e+05 1.61032e+04
5.66000e-01 1.45844e+05 1.98454e+04
5.67000e-01 1.45773e+05 1.73854e+04
5.68000e-01 1.45697e+05 1.36769e+04
5.69000e-01 1.45616e+05 1.61825e+04
5.70000e-01 1.45530e+05 1.49548e+04
5.71000e-01 1.45438e+05 1.37244e+04
5.72000e-01 1.45340e+05 1.24894e+04
5.73000e-01 1.45237e+05 1.87540e+04
5.74000e-01 1.45128e+05 1.50171e+04
5.75000e-01 1.45013e+05 1.62832e+04
5.76000e-01 1.44892e+05 1.37905e+04
5.77000e-01 1.44765e+05 1.50563e+04
5.78000e-01 1.44632e+05 1.50685e+04
5.79000e-01 1.44492e+05 1.88506e+04
5.80000e-01 1.44346e+05 1.38334e+04
5.81000e-01 1.44193e+05 1.25850e+04
5.82000e-01 1.44035e+05 1.88874e+04
5.83000e-01 1.43869e+05 1.51187e+04
5.84000e-01 1.43697e+05 1.38665e+04
5.85000e-01 1.43519e+05 1.26123e+04
5.86000e-01 1.43334e+05 2.01886e+04
5.87000e-01 1.43142e+05 1.89332e+04
5.88000e-01 1.42943e+05 2.14647e+04
5.89000e-01 1.42738e+05 1.76822e+04
5.90000e-01 1.42527e+05 1.38960e+04
5.91000e-01 1.42309e+05 1.76899e+04
5.92000e-01 1.42084e+05 1.39004e+04
5.93000e-01 1.41853e+05 1.26381e+04
5.94000e-01 1.41615e+05 1.64286e+04
5.95000e-01 1.41370e+05 1.76938e+04
5.96000e-01 1.41120e+05 1.39011e+04
5.97000e-01 1.40862e+05 1.38997e+04
5.98000e-01 1.40599e+05 1.64233e+04
5.99000e-01 1.40329e+05 1.64203e+04
6.00000e-01 1.40052e+05 1.38907e+04
6.01000e-01 1.39770e+05 1.38856e+04
6.02000e-01 1.39481e+05 1.26183e+04
6.03000e-01 1.39186e+05 1.76579e+04
6.04000e-01 1.38885e+05 1.63885e+04
6.05000e-01 1.38578e+05 1.38599e+04
6.06000e-01 1.38265e+05 1.38517e+04
6.07000e-01 1.37946e+05 1.63597e+04
6.08000e-01 1.37621e+05 1.50902e+04
6.09000e-01 1.37290e+05 1.25658e+04
6.10000e-01 1.36953e+05 1.88326e+04
6.11000e-01 1.36611e+05 1.37993e+04
6.12000e-01 1.36263e+05 1.37868e+04
6.13000e-01 1.35909e+05 1.25219e+04
6.14000e-01 1.35549e+05 2.12637e+04
6.15000e-01 1.35183e+05 1.49933e+04
6.16000e-01 1.34812e+05 1.24803e+04
6.17000e-01 1.34436e+05 1.37127e+04
6.18000e-01 1.34054e+05 1.99203e+04
6.19000e-01 1.33666e+05 1.98938e+04
6.20000e-01 1.33273e+05 1.86259e+04
6.21000e-01 1.32874e+05 1.61186e+04
6.22000e-01 1.32470e+05 1.36197e+04
6.23000e-01 1.32060e+05 1.73069e+04
6.24000e-01 1.31645e+05 1.23433e+04
6.25000e-01 1.31225e+05 1.35549e+04
6.26000e-01 1.30799e+05 1.72230e+04
6.27000e-01 1.30368e+05 1.59647e+04
6.28000e-01 1.29932e+05 1.47099e+04
6.29000e-01 1.29490e+05 1.34594e+04
6.30000e-01 1.29044e+05 1.34340e+04
6.31000e-01 1.28592e+05 1.58453e+04
6.32000e-01 1.28135e+05 1.70301e+04
6.33000e-01 1.27673e+05 1.33529e+04
6.34000e-01 1.27206e+05 1.21141e+04
6.35000e-01 1.26734e+05 1.45045e+04
6.36000e-01 1.26258e+05 1.44731e+04
6.37000e-01 1.25776e+05 1.20330e+04
6.38000e-01 1.25290e+05 1.32061e+04
6.39000e-01 1.24799e+05 1.67685e+04
6.40000e-01 1.24304e+05 1.31423e+04
6.41000e-01 1.23804e+05 1.66859e+04
6.42000e-01 1.23300e+05 1.54547e+04
6.43000e-01 1.22792e+05 1.54147e+04
6.44000e-01 1.22280e+05 1.41924e+04
6.45000e-01 1.21764e+05 1.41537e+04
6.46000e-01 1.21244e+05 1.64681e+04
6.47000e-01 1.20721e+05 1.64222e+04
6.48000e-01 1.20194e+05 1.28676e+04
6.49000e-01 1.19664e+05 1.63284e+04
6.50000e-01 1.19130e+05 1.27926e+04
6.51000e-01 1.18594e+05 1.85528e+04
6.52000e-01 1.18054e+05 1.84969e+04
6.53000e-01 1.17512e+05 1.38306e+04
6.54000e-01 1.16968e+05 1.37878e+04
6.55000e-01 1.16421e+05 1.48914e+04
6.56000e-01 1.15872e+05 1.14182e+04
6.57000e-01 1.15321e+05 1.70720e+04
6.58000e-01 1.14769e+05 1.36128e+04
6.59000e-01 1.14215e+05 1.24380e+04
6.60000e-01 1.13659e+05 1.46504e+04
6.61000e-01 1.13103e+05 1.12323e+04
6.62000e-01 1.12545e+05 1.45517e+04
6.63000e-01 1.11987e+05 1.45024e+04
6.64000e-01 1.11428e+05 1.22294e+04
6.65000e-01 1.10869e+05 1.55097e+04
6.66000e-01 1.10310e+05 1.21434e+04
6.67000e-01 1.09750e+05 1.31996e+04
6.68000e-01 1.09191e+05 1.53456e+04
6.69000e-01 1.08633e+05 1.20134e+04
6.70000e-01 1.08074e+05 1.08815e+04
6.71000e-01 1.07517e+05 1.84307e+04
6.72000e-01 1.06960e+05 1.62027e+04
6.73000e-01 1.06405e+05 1.07619e+04
6.74000e-01 1.05851e+05 1.50099e+04
6.75000e-01 1.05298e+05 1.17491e+04
6.76000e-01 1.04746e+05 1.06410e+04
6.77000e-01 1.04197e+05 1.27203e+04
6.78000e-01 1.03649e+05 1.16160e+04
6.79000e-01 1.03103e+05 1.26241e+04
6.80000e-01 1.02559e+05 1.25748e+04
6.81000e-01 1.02018e+05 1.46145e+04
6.82000e-01 1.01478e+05 1.55982e+04
6.83000e-01 1.00942e+05 1.76096e+04
6.84000e-01 1.00407e+05 1.03191e+04
6.85000e-01 9.98758e+04 1.33630e+04
6.86000e-01 9.93470e+04 1.12627e+04
6.87000e-01 9.88211e+04 1.32590e+04
6.88000e-01 9.82981e+04 1.62555e+04
6.89000e-01 9.77782e+04 1.41690e+04
6.90000e-01 9.72614e+04 1.10888e+04
6.91000e-01 9.67479e+04 1.00417e+04
6.92000e-01 9.62376e+04 1.20035e+04
6.93000e-01 9.57308e+04 1.49448e+04
6.94000e-01 9.52274e+04 1.29031e+04
6.95000e-01 9.47276e+04 1.77969e+04
6.96000e-01 9.42314e+04 1.28033e+04
6.97000e-01 9.37390e+04 1.47159e+04
6.98000e-01 9.32503e+04 1.17290e+04
6.99000e-01 9.27655e+04 1.46055e+04
7.00000e-01 9.22847e+04 1.45504e+04
7.01000e-01 9.18079e+04 1.15964e+04
7.02000e-01 9.13352e+04 1.25161e+04
7.03000e-01 9.08667e+04 1.24676e+04
7.04000e-01 9.04025e+04 1.14670e+04
7.05000e-01 8.99426e+04 1.23772e+04
7.06000e-01 8.94872e+04 1.23321e+04
7.07000e-01 8.90363e+04 9.45174e+03
7.08000e-01 8.85899e+04 1.03596e+04
7.09000e-01 8.81483e+04 1.40760e+04
7.10000e-01 8.77115e+04 1.02858e+04
7.11000e-01 8.72795e+04 1.11820e+04
7.12000e-01 8.68524e+04 9.28554e+03
7.13000e-01 8.64304e+04 1.38810e+04
7.14000e-01 8.60135e+04 1.38336e+04
7.15000e-01 8.56018e+04 1.37872e+04
7.16000e-01 8.51953e+04 1.09937e+04
7.17000e-01 8.47942e+04 1.09567e+04
7.18000e-01 8.43985e+04 1.00120e+04
7.19000e-01 8.40084e+04 1.36079e+04
7.20000e-01 8.36237e+04 1.53756e+04
7.21000e-01 8.32447e+04 1.35237e+04
7.22000e-01 8.28715e+04 1.07861e+04
7.23000e-01 8.25039e+04 9.85695e+03
7.24000e-01 8.21422e+04 1.16161e+04
7.25000e-01 8.17863e+04 1.33619e+04
7.26000e-01 8.14364e+04 9.77142e+03
7.27000e-01 8.10923e+04 1.15155e+04
7.28000e-01 8.07543e+04 8.83368e+03
7.29000e-01 8.04222e+04 9.69087e+03
7.30000e-01 8.00961e+04 1.49350e+04
7.31000e-01 7.97761e+04 1.13902e+04
7.32000e-01 7.94621e+04 1.31120e+04
7.33000e-01 7.91541e+04 1.04627e+04
7.34000e-01 7.88521e+04 9.56656e+03
7.35000e-01 7.85561e+04 1.04116e+04
7.36000e-01 7.82661e+04 9.52241e+03
7.37000e-01 7.79820e+04 9.50014e+03
7.38000e-01 7.77038e+04 8.61702e+03
7.39000e-01 7.74314e+04 8.59850e+03
7.40000e-01 7.71649e+04 1.11547e+04
7.41000e-01 7.69040e+04 9.41899e+03
7.42000e-01 7.66489e+04 1.11090e+04
7.43000e-01 7.63993e+04 1.02336e+04
7.44000e-01 7.61553e+04 1.02157e+04
7.45000e-01 7.59167e+04 1.10453e+04
7.46000e-01 7.56835e+04 9.32984e+03
7.47000e-01 7.54555e+04 1.01605e+04
7.48000e-01 7.52327e+04 9.29817e+03
7.49000e-01 7.50149e+04 9.28353e+03
7.50000e-01 7.48022e+04 1.01111e+04
7.51000e-01 7.45943e+04 1.00957e+04
7.52000e-01 7.43911e+04 1.26038e+04
7.53000e-01 7.41927e+04 9.22821e+03
7.54000e-01 7.39988e+04 9.21621e+03
7.55000e-01 7.38094e+04 9.20440e+03
7.56000e-01 7.36243e+04 1.17012e+04
7.57000e-01 7.34435e+04 1.00164e+04
7.58000e-01 7.32668e+04 9.17262e+03
7.59000e-01 7.30943e+04 1.58249e+04
7.60000e-01 7.29256e+04 9.98441e+03
7.61000e-01 7.27609e+04 9.97576e+03
7.62000e-01 7.26000e+04 9.13537e+03
7.63000e-01 7.24428e+04 9.95704e+03
7.64000e-01 7.22893e+04 1.07787e+04
7.65000e-01 7.21393e+04 1.07695e+04
7.66000e-01 7.19928e+04 1.24188e+04
7.67000e-01 7.18497e+04 9.09980e+03
7.68000e-01 7.17101e+04 9.09518e+03
7.69000e-01 7.15737e+04 9.91496e+03
7.70000e-01 7.14407e+04 9.90994e+03
7.71000e-01 7.13108e+04 8.25381e+03
7.72000e-01 7.11842e+04 9.07671e+03
7.73000e-01 7.10607e+04 8.24637e+03
7.74000e-01 7.09404e+04 1.23669e+04
7.75000e-01 7.08232e+04 9.06594e+03
7.76000e-01 7.07090e+04 1.07122e+04
7.77000e-01 7.05979e+04 9.06161e+03
7.78000e-01 7.04899e+04 1.15308e+04
7.79000e-01 7.03849e+04 9.05867e+03
7.80000e-01 7.02829e+04 1.23509e+04
7.81000e-01 7.01840e+04 9.88036e+03
7.82000e-01 7.00880e+04 1.23499e+04
7.83000e-01 6.99951e+04 1.07034e+04
7.84000e-01 6.99051e+04 9.05679e+03
7.85000e-01 6.98181e+04 9.05758e+03
7.86000e-01 6.97341e+04 1.48240e+04
7.87000e-01 6.96530e+04 8.23568e+03
7.88000e-01 6.95750e+04 9.88568e+03
7.89000e-01 6.94998e+04 9.06434e+03
7.90000e-01 6.94276e+04 9.89137e+03
7.91000e-01 6.93583e+04 9.89332e+03
7.92000e-01 6.92919e+04 1.07207e+04
7.93000e-01 6.92284e+04 9.89989e+03
7.94000e-01 6.91677e+04 1.07293e+04
7.95000e-01 6.91098e+04 9.08223e+03
7.96000e-01 6.90547e+04 9.08704e+03
7.97000e-01 6.90023e+04 9.91728e+03
7.98000e-01 6.89527e+04 1.24033e+04
7.99000e-01 6.89057e+04 9.92709e+03
8.00000e-01 6.88614e+04 9.10604e+03
8.01000e-01 6.88196e+04 9.93951e+03
8.02000e-01 6.87803e+04 1.32613e+04
8.03000e-01 6.87435e+04 1.32687e+04
8.04000e-01 6.87090e+04 8.29878e+03
8.05000e-01 6.86769e+04 9.96629e+03
8.06000e-01 6.86471e+04 8.31126e+03
8.07000e-01 6.86195e+04 9.14903e+03
8.08000e-01 6.85941e+04 1.41506e+04
8.09000e-01 6.85707e+04 9.99692e+03
8.10000e-01 6.85493e+04 9.17243e+03
8.11000e-01 6.85299e+04 9.17990e+03
8.12000e-01 6.85124e+04 9.18861e+03
8.13000e-01 6.84967e+04 1.33780e+04
8.14000e-01 6.84827e+04 1.00442e+04
8.15000e-01 6.84705e+04 1.17280e+04
8.16000e-01 6.84599e+04 1.17400e+04
8.17000e-01 6.84509e+04 1.00745e+04
8.18000e-01 6.84434e+04 1.26054e+04
8.19000e-01 6.84374e+04 1.17784e+04
8.20000e-01 6.84329e+04 9.26396e+03
8.21000e-01 6.84298e+04 8.43266e+03
8.22000e-01 6.84281e+04 1.01298e+04
8.23000e-01 6.84277e+04 9.29639e+03
8.24000e-01 6.84287e+04 1.10004e+04
8.25000e-01 6.84310e+04 9.32006e+03
8.26000e-01 6.84347e+04 1.18774e+04
8.27000e-01 6.84396e+04 9.34434e+03
8.28000e-01 6.84459e+04 9.35579e+03
8.29000e-01 6.84535e+04 1.19242e+04
8.30000e-01 6.84625e+04 1.27947e+04
8.31000e-01 6.84728e+04 8.54126e+03
8.32000e-01 6.84846e+04 1.02630e+04
8.33000e-01 6.84977e+04 1.02785e+04
8.34000e-01 6.85123e+04 1.20090e+04
8.35000e-01 6.85284e+04 1.28868e+04
8.36000e-01 6.85461e+04 9.46491e+03
8.37000e-01 6.85653e+04 1.03418e+04
8.38000e-01 6.85861e+04 1.03573e+04
8.39000e-01 6.86086e+04 9.50991e+03
8.40000e-01 6.86328e+04 8.65885e+03
8.41000e-01 6.86588e+04 8.67350e+03
8.42000e-01 6.86866e+04 8.68816e+03
8.43000e-01 6.87162e+04 1.04429e+04
8.44000e-01 6.87477e+04 9.58880e+03
8.45000e-01 6.87812e+04 1.22253e+04
8.46000e-01 6.88167e+04 8.74829e+03
8.47000e-01 6.88541e+04 1.48977e+04
8.48000e-01 6.88936e+04 1.14127e+04
8.49000e-01 6.89352e+04 9.67471e+03
8.50000e-01 6.89788e+04 9.69212e+03
8.51000e-01 6.90246e+04 9.71089e+03
8.52000e-01 6.90724e+04 1.23824e+04
8.53000e-01 6.91223e+04 9.74786e+03
8.54000e-01 6.91743e+04 1.15428e+04
8.55000e-01 6.92284e+04 1.06755e+04
8.56000e-01 6.92845e+04 1.42603e+04
8.57000e-01 6.93426e+04 1.07168e+04
8.58000e-01 6.94027e+04 1.16337e+04
8.59000e-01 6.94647e+04 1.25536e+04
8.60000e-01 6.95286e+04 9.88329e+03
8.61000e-01 6.95942e+04 9.90402e+03
8.62000e-01 6.96616e+04 1.35336e+04
8.63000e-01 6.97306e+04 9.94541e+03
8.64000e-01 6.98012e+04 9.96595e+03
8.65000e-01 6.98732e+04 1.27107e+04
8.66000e-01 6.99466e+04 9.09812e+03
8.67000e-01 7.00212e+04 1.36781e+04
8.68000e-01 7.00970e+04 1.00513e+04
8.69000e-01 7.01738e+04 1.00726e+04
8.70000e-01 7.02515e+04 1.00941e+04
8.71000e-01 7.03301e+04 1.01166e+04
8.72000e-01 7.04093e+04 1.19823e+04
8.73000e-01 7.04891e+04 1.01609e+04
8.74000e-01 7.05693e+04 1.01835e+04
8.75000e-01 7.06498e+04 1.02064e+04
8.76000e-01 7.07306e+04 1.11586e+04
8.77000e-01 7.08114e+04 1.21153e+04
8.78000e-01 7.08922e+04 9.34059e+03
8.79000e-01 7.09729e+04 9.36156e+03
8.80000e-01 7.10534e+04 9.38203e+03
8.81000e-01 7.11335e+04 1.12844e+04
8.82000e-01 7.12132e+04 1.13092e+04
8.83000e-01 7.12925e+04 9.44557e+03
8.84000e-01 7.13711e+04 1.42003e+04
8.85000e-01 7.14491e+04 1.04365e+04
8.86000e-01 7.15263e+04 1.04602e+04
8.87000e-01 7.16029e+04 9.53014e+03
8.88000e-01 7.16785e+04 1.33725e+04
8.89000e-01 7.17534e+04 9.57358e+03
8.90000e-01 7.18273e+04 1.15132e+04
8.91000e-01 7.19004e+04 1.24994e+04
8.92000e-01 7.19725e+04 1.44547e+04
8.93000e-01 7.20437e+04 1.44866e+04
8.94000e-01 7.21140e+04 1.06468e+04
8.95000e-01 7.21833e+04 1.74602e+04
8.96000e-01 7.22517e+04 9.72093e+03
8.97000e-01 7.23192e+04 1.16900e+04
8.98000e-01 7.23859e+04 1.07385e+04
8.99000e-01 7.24516e+04 1.07620e+04
9.00000e-01 7.25165e+04 1.07848e+04
9.01000e-01 7.25806e+04 9.82491e+03
9.02000e-01 7.26439e+04 1.18140e+04
9.03000e-01 7.27064e+04 1.38110e+04
9.04000e-01 7.27682e+04 1.68056e+04
9.05000e-01 7.28293e+04 1.28781e+04
9.06000e-01 7.28896e+04 1.68740e+04
9.07000e-01 7.29493e+04 1.29291e+04
9.08000e-01 7.30083e+04 9.96474e+03
9.09000e-01 7.30665e+04 1.29797e+04
9.10000e-01 7.31241e+04 1.30053e+04
9.11000e-01 7.31810e+04 1.40310e+04
9.12000e-01 7.32372e+04 1.50616e+04
9.13000e-01 7.32926e+04 1.00598e+04
9.14000e-01 7.33471e+04 1.51166e+04
9.15000e-01 7.34009e+04 1.21157e+04
9.16000e-01 7.34537e+04 1.51711e+04
9.17000e-01 7.35055e+04 1.21585e+04
9.18000e-01 7.35563e+04 1.31938e+04
9.19000e-01 7.36059e+04 1.32163e+04
9.20000e-01 7.36542e+04 1.62931e+04
9.21000e-01 7.37012e+04 1.42792e+04
9.22000e-01 7.37467e+04 1.12373e+04
9.23000e-01 7.37905e+04 1.22780e+04
9.24000e-01 7.38326e+04 1.12719e+04
9.25000e-01 7.38728e+04 1.53939e+04
9.26000e-01 7.39110e+04 1.84992e+04
9.27000e-01 7.39469e+04 1.23506e+04
9.28000e-01 7.39805e+04 1.44292e+04
9.29000e-01 7.40115e+04 1.34161e+04
9.30000e-01 7.40399e+04 1.34356e+04
9.31000e-01 7.40654e+04 1.65566e+04
9.32000e-01 7.40880e+04 1.55411e+04
9.33000e-01 7.41074e+04 1.14099e+04
9.34000e-01 7.41235e+04 1.35006e+04
9.35000e-01 7.41362e+04 1.35163e+04
9.36000e-01 7.41454e+04 1.45730e+04
9.37000e-01 7.41508e+04 1.14617e+04
9.38000e-01 7.41525e+04 1.35605e+04
9.39000e-01 7.41503e+04 1.14858e+04
9.40000e-01 7.41442e+04 1.14969e+04
9.41000e-01 7.41341e+04 1.15071e+04
9.42000e-01 7.41199e+04 1.15177e+04
9.43000e-01 7.41017e+04 1.25760e+04
9.44000e-01 7.40794e+04 1.15367e+04
9.45000e-01 7.40530e+04 1.46935e+04
9.46000e-01 7.40226e+04 1.26053e+04
9.47000e-01 7.39883e+04 1.05112e+04
9.48000e-01 7.39500e+04 1.57767e+04
9.49000e-01 7.39080e+04 1.26288e+04
9.50000e-01 7.38623e+04 1.26364e+04
9.51000e-01 7.38131e+04 1.15903e+04
9.52000e-01 7.37605e+04 1.47597e+04
9.53000e-01 7.37047e+04 1.26564e+04
9.54000e-01 7.36459e+04 1.16063e+04
9.55000e-01 7.35844e+04 1.37230e+04
9.56000e-01 7.35203e+04 1.05598e+04
9.57000e-01 7.34538e+04 1.47891e+04
9.58000e-01 7.33853e+04 1.37368e+04
9.59000e-01 7.33149e+04 1.37394e+04
9.60000e-01 7.32430e+04 1.26858e+04
9.61000e-01 7.31697e+04 1.69175e+04
9.62000e-01 7.30953e+04 1.26904e+04
9.63000e-01 7.30201e+04 1.26915e+04
9.64000e-01 7.29443e+04 1.37499e+04
9.65000e-01 7.28681e+04 1.48080e+04
9.66000e-01 7.27918e+04 1.37509e+04
9.67000e-01 7.27154e+04 1.16352e+04
9.68000e-01 7.26392e+04 1.58664e+04
9.69000e-01 7.25632e+04 1.05768e+04
9.70000e-01 7.24877e+04 1.05753e+04
9.71000e-01 7.24126e+04 1.26887e+04
9.72000e-01 7.23379e+04 1.37441e+04
9.73000e-01 7.22638e+04 1.26841e+04
9.74000e-01 7.21900e+04 1.16250e+04
9.75000e-01 7.21164e+04 1.16207e+04
9.76000e-01 7.20430e+04 1.16184e+04
9.77000e-01 7.19694e+04 1.16153e+04
9.78000e-01 7.18955e+04 1.47771e+04
9.79000e-01 7.18207e+04 1.05512e+04
9.80000e-01 7.17449e+04 1.58224e+04
9.81000e-01 7.16674e+04 1.37074e+04
9.82000e-01 7.15877e+04 1.68621e+04
9.83000e-01 7.15054e+04 1.68554e+04
9.84000e-01 7.14196e+04 1.26349e+04
9.85000e-01 7.13297e+04 1.36815e+04
9.86000e-01 7.12350e+04 1.15704e+04
9.87000e-01 7.11344e+04 1.36679e+04
9.88000e-01 7.10273e+04 1.05073e+04
9.89000e-01 7.09125e+04 1.15518e+04
9.90000e-01 7.07891e+04 1.25935e+04
9.91000e-01 7.06560e+04 1.15378e+04
9.92000e-01 7.05121e+04 1.57243e+04
9.93000e-01 7.03562e+04 1.04766e+04
9.94000e-01 7.01871e+04 1.15157e+04
9.95000e-01 7.00036e+04 1.04625e+04
9.96000e-01 6.98045e+04 1.56832e+04
9.97000e-01 6.95883e+04 1.35825e+04
9.98000e-01 6.93540e+04 1.14844e+04
9.99000e-01 6.91000e+04 1.25206e+04
