# Chi2 Rg SupportVolume
1.74318e+09 2.82615e+01 2.70000e+07
2.67753e+03 -1.13963e+01 2.70000e+07
2.67303e+03 -3.07787e+01 2.70000e+07
2.66820e+03 -2.34434e+01 2.70000e+07
2.66310e+03 1.75185e+01 2.70000e+07
2.65781e+03 3.61035e+01 2.70000e+07
2.65235e+03 4.89184e+01 2.70000e+07
2.64676e+03 5.84733e+01 2.70000e+07
2.64103e+03 6.64512e+01 2.70000e+07
2.63530e+03 7.27661e+01 2.70000e+07
2.62950e+03 7.79155e+01 2.70000e+07
2.62361e+03 8.23753e+01 2.70000e+07
2.61771e+03 8.64161e+01 2.70000e+07
2.61173e+03 9.00681e+01 2.70000e+07
2.60569e+03 9.31293e+01 2.70000e+07
2.59961e+03 9.59429e+01 2.70000e+07
2.59354e+03 9.84222e+01 2.70000e+07
2.58750e+03 1.00602e+02 2.70000e+07
2.58153e+03 1.02547e+02 2.70000e+07
2.57558e+03 1.04287e+02 2.70000e+07
2.56968e+03 1.05725e+02 2.70000e+07
2.56384e+03 1.06964e+02 2.70000e+07
2.55802e+03 1.08074e+02 2.70000e+07
2.55225e+03 1.09091e+02 2.70000e+07
2.54651e+03 1.10036e+02 2.70000e+07
2.54079e+03 1.10937e+02 2.70000e+07
2.53512e+03 1.11754e+02 2.70000e+07
2.52954e+03 1.12488e+02 2.70000e+07
2.52399e+03 1.13141e+02 2.70000e+07
2.51850e+03 1.13670e+02 2.70000e+07
2.51306e+03 1.14126e+02 2.70000e+07
2.50766e+03 1.14552e+02 2.70000e+07
2.50231e+03 1.14937e+02 2.70000e+07
2.49698e+03 1.15317e+02 2.70000e+07
2.49170e+03 1.15662e+02 2.70000e+07
2.48646e+03 1.15988e+02 2.70000e+07
2.48127e+03 1.16313e+02 2.70000e+07
2.47613e+03 1.16606e+02 2.70000e+07
2.47103e+03 1.16868e+02 2.70000e+07
2.46594e+03 1.17119e+02 2.70000e+07
2.46088e+03 1.17341e+02 2.70000e+07
2.45583e+03 1.17545e+02 2.70000e+07
2.45081e+03 1.17729e+02 2.70000e+07
2.44583e+03 1.17881e+02 2.70000e+07
2.44091e+03 1.18026e+02 2.70000e+07
2.43601e+03 1.18153e+02 2.70000e+07
2.43110e+03 1.18250e+02 2.70000e+07
2.42622e+03 1.18307e+02 2.70000e+07
2.42137e+03 1.18341e+02 2.70000e+07
2.41653e+03 1.18356e+02 2.70000e+07
2.41169e+03 1.18352e+02 2.70000e+07
2.40693e+03 1.18339e+02 2.70000e+07
2.40219e+03 1.18313e+02 2.70000e+07
2.39747e+03 1.18279e+02 2.70000e+07
2.39278e+03 1.18249e+02 2.70000e+07
2.38812e+03 1.18223e+02 2.70000e+07
2.38347e+03 1.18184e+02 2.70000e+07
2.37883e+03 1.18123e+02 2.70000e+07
2.37423e+03 1.18064e+02 2.70000e+07
2.36964e+03 1.18004e+02 2.70000e+07
2.36507e+03 1.17929e+02 2.70000e+07
2.36051e+03 1.17834e+02 2.70000e+07
2.35598e+03 1.17726e+02 2.70000e+07
2.35147e+03 1.17600e+02 2.70000e+07
2.34697e+03 1.17471e+02 2.70000e+07
2.34253e+03 1.17339e+02 2.70000e+07
2.33813e+03 1.17210e+02 2.70000e+07
2.33374e+03 1.17075e+02 2.70000e+07
2.32939e+03 1.16944e+02 2.70000e+07
2.32508e+03 1.16811e+02 2.70000e+07
2.32081e+03 1.16671e+02 2.70000e+07
2.31656e+03 1.16529e+02 2.70000e+07
2.31236e+03 1.16383e+02 2.70000e+07
2.30817e+03 1.16226e+02 2.70000e+07
2.30401e+03 1.16071e+02 2.70000e+07
2.29987e+03 1.15920e+02 2.70000e+07
2.29577e+03 1.15759e+02 2.70000e+07
2.29169e+03 1.15590e+02 2.70000e+07
2.28765e+03 1.15416e+02 2.70000e+07
2.28362e+03 1.15242e+02 2.70000e+07
2.27962e+03 1.15070e+02 2.70000e+07
2.27565e+03 1.14891e+02 2.70000e+07
2.27171e+03 1.14710e+02 2.70000e+07
2.26777e+03 1.14523e+02 2.70000e+07
2.26388e+03 1.14330e+02 2.70000e+07
2.26000e+03 1.14136e+02 2.70000e+07
2.25612e+03 1.13939e+02 2.70000e+07
2.25225e+03 1.13750e+02 2.70000e+07
2.24838e+03 1.13563e+02 2.70000e+07
2.24455e+03 1.13381e+02 2.70000e+07
2.24075e+03 1.13201e+02 2.70000e+07
2.23697e+03 1.13023e+02 2.70000e+07
2.23317e+03 1.12846e+02 2.70000e+07
2.22939e+03 1.12677e+02 2.70000e+07
2.22561e+03 1.12510e+02 2.70000e+07
2.22185e+03 1.12345e+02 2.70000e+07
2.21812e+03 1.12177e+02 2.70000e+07
2.21442e+03 1.12010e+02 2.70000e+07
2.21074e+03 1.11839e+02 2.70000e+07
2.20706e+03 1.11666e+02 2.70000e+07
2.20340e+03 1.11494e+02 2.70000e+07
2.19977e+03 1.11320e+02 2.70000e+07
2.19619e+03 1.11155e+02 2.70000e+07
2.19262e+03 1.10991e+02 2.70000e+07
2.18908e+03 1.10828e+02 2.70000e+07
2.18556e+03 1.10663e+02 2.70000e+07
2.18205e+03 1.10496e+02 2.70000e+07
2.17855e+03 1.10329e+02 2.70000e+07
2.17508e+03 1.10166e+02 2.70000e+07
2.17163e+03 1.10002e+02 2.70000e+07
2.16820e+03 1.09840e+02 2.70000e+07
2.16479e+03 1.09678e+02 2.70000e+07
2.16138e+03 1.09512e+02 2.70000e+07
2.15796e+03 1.09343e+02 2.70000e+07
2.15455e+03 1.09171e+02 2.70000e+07
2.15115e+03 1.08997e+02 2.70000e+07
2.14776e+03 1.08817e+02 2.70000e+07
2.14438e+03 1.08636e+02 2.70000e+07
2.14101e+03 1.08454e+02 2.70000e+07
2.13765e+03 1.08273e+02 2.70000e+07
2.13426e+03 1.08088e+02 2.70000e+07
2.13087e+03 1.07902e+02 2.70000e+07
2.12746e+03 1.07716e+02 2.70000e+07
2.12406e+03 1.07533e+02 2.70000e+07
2.12067e+03 1.07349e+02 2.70000e+07
2.11730e+03 1.07164e+02 2.70000e+07
2.11394e+03 1.06980e+02 2.70000e+07
2.11058e+03 1.06791e+02 2.70000e+07
2.10722e+03 1.06604e+02 2.70000e+07
2.10386e+03 1.06419e+02 2.70000e+07
2.10050e+03 1.06237e+02 2.70000e+07
2.09715e+03 1.06059e+02 2.70000e+07
2.09382e+03 1.05881e+02 2.70000e+07
2.09050e+03 1.05704e+02 2.70000e+07
2.08722e+03 1.05523e+02 2.70000e+07
2.08396e+03 1.05342e+02 2.70000e+07
2.08070e+03 1.05160e+02 2.70000e+07
2.07745e+03 1.04977e+02 2.70000e+07
2.07420e+03 1.04795e+02 2.70000e+07
2.07096e+03 1.04615e+02 2.70000e+07
2.06771e+03 1.04432e+02 2.70000e+07
2.06449e+03 1.04250e+02 2.70000e+07
2.06130e+03 1.04066e+02 2.70000e+07
2.05812e+03 1.03881e+02 2.70000e+07
2.05496e+03 1.03695e+02 2.70000e+07
2.05181e+03 1.03507e+02 2.70000e+07
2.04869e+03 1.03319e+02 2.70000e+07
2.04559e+03 1.03128e+02 2.70000e+07
2.04250e+03 1.02934e+02 2.70000e+07
2.03942e+03 1.02744e+02 2.70000e+07
2.03635e+03 1.02556e+02 2.70000e+07
2.03329e+03 1.02369e+02 2.70000e+07
2.03024e+03 1.02185e+02 2.70000e+07
2.02720e+03 1.01999e+02 2.70000e+07
2.02415e+03 1.01814e+02 2.70000e+07
2.02111e+03 1.01626e+02 2.70000e+07
2.01808e+03 1.01440e+02 2.70000e+07
2.01506e+03 1.01254e+02 2.70000e+07
2.01204e+03 1.01068e+02 2.70000e+07
2.00901e+03 1.00883e+02 2.70000e+07
2.00599e+03 1.00695e+02 2.70000e+07
2.00297e+03 1.00508e+02 2.70000e+07
1.99999e+03 1.00319e+02 2.70000e+07
1.99701e+03 1.00131e+02 2.70000e+07
1.99407e+03 9.99436e+01 2.70000e+07
1.99114e+03 9.97570e+01 2.70000e+07
1.98822e+03 9.95744e+01 2.70000e+07
1.98531e+03 9.93907e+01 2.70000e+07
1.98241e+03 9.92051e+01 2.70000e+07
1.97951e+03 9.90196e+01 2.70000e+07
1.97661e+03 9.88341e+01 2.70000e+07
1.97373e+03 9.86516e+01 2.70000e+07
1.97084e+03 9.84675e+01 2.70000e+07
1.96796e+03 9.82859e+01 2.70000e+07
1.96507e+03 9.81049e+01 2.70000e+07
1.96219e+03 9.79261e+01 2.70000e+07
1.95932e+03 9.77464e+01 2.70000e+07
1.95647e+03 9.75686e+01 2.70000e+07
1.95362e+03 9.73931e+01 2.70000e+07
1.95079e+03 9.72214e+01 2.70000e+07
1.94797e+03 9.70531e+01 2.70000e+07
1.94517e+03 9.68861e+01 2.70000e+07
1.94238e+03 9.67196e+01 2.70000e+07
1.93960e+03 9.65503e+01 2.70000e+07
1.93682e+03 9.63794e+01 2.70000e+07
1.93403e+03 9.62075e+01 2.70000e+07
1.93125e+03 9.60332e+01 2.70000e+07
1.92847e+03 9.58598e+01 2.70000e+07
1.92570e+03 9.56863e+01 2.70000e+07
1.92294e+03 9.55126e+01 2.70000e+07
1.92018e+03 9.53375e+01 2.70000e+07
1.91743e+03 9.51604e+01 2.70000e+07
1.91467e+03 9.49834e+01 2.70000e+07
1.91191e+03 9.48092e+01 2.70000e+07
1.90918e+03 9.46359e+01 2.70000e+07
1.90645e+03 9.44650e+01 2.70000e+07
1.90372e+03 9.42931e+01 2.70000e+07
1.90100e+03 9.41215e+01 2.70000e+07
1.89829e+03 9.39510e+01 2.70000e+07
1.89559e+03 9.37824e+01 2.70000e+07
1.89290e+03 9.36160e+01 2.70000e+07
1.89022e+03 9.34507e+01 2.70000e+07
1.88754e+03 9.32846e+01 2.70000e+07
1.88486e+03 9.31177e+01 2.70000e+07
1.88219e+03 9.29498e+01 2.70000e+07
1.87951e+03 9.27835e+01 2.70000e+07
1.87684e+03 9.26208e+01 2.70000e+07
1.87418e+03 9.24595e+01 2.70000e+07
1.87152e+03 9.22980e+01 2.70000e+07
1.86886e+03 9.21361e+01 2.70000e+07
1.86620e+03 9.19743e+01 2.70000e+07
1.86354e+03 9.18135e+01 2.70000e+07
1.86089e+03 9.16536e+01 2.70000e+07
1.85823e+03 9.14941e+01 2.70000e+07
1.85558e+03 9.13342e+01 2.70000e+07
1.85293e+03 9.11747e+01 2.70000e+07
1.85028e+03 9.10174e+01 2.70000e+07
1.84763e+03 9.08620e+01 2.70000e+07
1.84499e+03 9.07091e+01 2.70000e+07
1.84234e+03 9.05561e+01 2.70000e+07
1.83973e+03 9.04031e+01 2.70000e+07
1.83711e+03 9.02513e+01 2.70000e+07
1.83451e+03 9.00996e+01 2.70000e+07
1.83189e+03 8.99469e+01 2.70000e+07
1.82929e+03 8.97920e+01 2.70000e+07
1.82670e+03 8.96386e+01 2.70000e+07
1.82411e+03 8.94849e+01 2.70000e+07
1.82152e+03 8.93314e+01 2.70000e+07
1.81894e+03 8.91769e+01 2.70000e+07
1.81638e+03 8.90225e+01 2.70000e+07
1.81383e+03 8.88720e+01 2.70000e+07
1.81130e+03 8.87207e+01 2.70000e+07
1.80879e+03 8.85704e+01 2.70000e+07
1.80628e+03 8.84245e+01 2.70000e+07
1.80379e+03 8.82792e+01 2.70000e+07
1.80131e+03 8.81357e+01 2.70000e+07
1.79883e+03 8.79940e+01 2.70000e+07
1.79635e+03 8.78526e+01 2.70000e+07
1.79388e+03 8.77114e+01 2.70000e+07
1.79141e+03 8.75695e+01 2.70000e+07
1.78895e+03 8.74287e+01 2.70000e+07
1.78650e+03 8.72872e+01 2.70000e+07
1.78406e+03 8.71452e+01 2.70000e+07
1.78161e+03 8.70022e+01 2.70000e+07
1.77916e+03 8.68582e+01 2.70000e+07
1.77672e+03 8.67147e+01 2.70000e+07
1.77429e+03 8.65721e+01 2.70000e+07
1.77188e+03 8.64333e+01 2.70000e+07
1.76947e+03 8.62955e+01 2.70000e+07
1.76706e+03 8.61568e+01 2.70000e+07
1.76465e+03 8.60179e+01 2.70000e+07
1.76224e+03 8.58798e+01 2.70000e+07
1.75986e+03 8.57413e+01 2.70000e+07
1.75748e+03 8.56033e+01 2.70000e+07
1.75510e+03 8.54661e+01 2.70000e+07
1.75273e+03 8.53302e+01 2.70000e+07
1.75037e+03 8.51965e+01 2.70000e+07
1.74802e+03 8.50637e+01 2.70000e+07
1.74566e+03 8.49311e+01 2.70000e+07
1.74331e+03 8.47984e+01 2.70000e+07
1.74097e+03 8.46654e+01 2.70000e+07
1.73864e+03 8.45332e+01 2.70000e+07
1.73631e+03 8.44016e+01 2.70000e+07
1.73399e+03 8.42705e+01 2.70000e+07
1.73166e+03 8.41392e+01 2.70000e+07
1.72933e+03 8.40080e+01 2.70000e+07
1.72701e+03 8.38769e+01 2.70000e+07
1.72470e+03 8.37468e+01 2.70000e+07
1.72239e+03 8.36182e+01 2.70000e+07
1.72008e+03 8.34897e+01 2.70000e+07
1.71777e+03 8.33619e+01 2.70000e+07
1.71546e+03 8.32344e+01 2.70000e+07
1.71315e+03 8.31065e+01 2.70000e+07
1.71084e+03 8.29812e+01 2.70000e+07
1.70854e+03 8.28570e+01 2.70000e+07
1.70624e+03 8.27326e+01 2.70000e+07
1.70396e+03 8.26081e+01 2.70000e+07
1.70166e+03 8.24838e+01 2.70000e+07
1.69938e+03 8.23603e+01 2.70000e+07
1.69710e+03 8.22384e+01 2.70000e+07
1.69483e+03 8.21172e+01 2.70000e+07
1.69257e+03 8.19983e+01 2.70000e+07
1.69033e+03 8.18816e+01 2.70000e+07
1.68811e+03 8.17652e+01 2.70000e+07
1.68589e+03 8.16482e+01 2.70000e+07
1.68368e+03 8.15304e+01 2.70000e+07
1.68146e+03 8.14134e+01 2.70000e+07
1.67925e+03 8.12985e+01 2.70000e+07
1.67705e+03 8.11853e+01 2.70000e+07
1.67486e+03 8.10727e+01 2.70000e+07
1.67268e+03 8.09590e+01 2.70000e+07
1.67049e+03 8.08466e+01 2.70000e+07
1.66831e+03 8.07348e+01 2.70000e+07
1.66613e+03 8.06260e+01 2.70000e+07
1.66396e+03 8.05166e+01 2.70000e+07
1.66179e+03 8.04065e+01 2.70000e+07
1.65961e+03 8.02964e+01 2.70000e+07
1.65744e+03 8.01884e+01 2.70000e+07
1.65528e+03 8.00808e+01 2.70000e+07
1.65312e+03 7.99729e+01 2.70000e+07
1.65096e+03 7.98662e+01 2.70000e+07
1.64880e+03 7.97615e+01 2.70000e+07
1.64665e+03 7.96568e+01 2.70000e+07
1.64450e+03 7.95529e+01 2.70000e+07
1.64235e+03 7.94491e+01 2.70000e+07
1.64020e+03 7.93455e+01 2.70000e+07
1.63807e+03 7.92429e+01 2.70000e+07
1.63594e+03 7.91409e+01 2.70000e+07
1.63381e+03 7.90401e+01 2.70000e+07
1.63168e+03 7.89398e+01 2.70000e+07
1.62955e+03 7.88387e+01 2.70000e+07
1.62742e+03 7.87369e+01 2.70000e+07
1.62531e+03 7.86338e+01 2.70000e+07
1.62319e+03 7.85306e+01 2.70000e+07
1.62108e+03 7.84282e+01 2.70000e+07
1.61897e+03 7.83260e+01 2.70000e+07
1.61686e+03 7.82263e+01 2.70000e+07
1.61477e+03 7.81287e+01 2.70000e+07
1.61269e+03 7.80324e+01 2.70000e+07
1.61060e+03 7.79362e+01 2.70000e+07
1.60852e+03 7.78405e+01 2.70000e+07
1.60643e+03 7.77461e+01 2.70000e+07
1.60435e+03 7.76524e+01 2.70000e+07
1.60227e+03 7.75598e+01 2.70000e+07
1.60021e+03 7.74690e+01 2.70000e+07
1.59814e+03 7.73789e+01 2.70000e+07
1.59607e+03 7.72892e+01 2.70000e+07
1.59401e+03 7.71995e+01 2.70000e+07
1.59194e+03 7.71100e+01 2.70000e+07
1.58988e+03 7.70201e+01 2.70000e+07
1.58782e+03 7.69300e+01 2.70000e+07
1.58578e+03 7.68419e+01 2.70000e+07
1.58376e+03 7.67551e+01 2.70000e+07
1.58174e+03 7.66681e+01 2.70000e+07
1.57974e+03 7.65819e+01 2.70000e+07
1.57775e+03 7.64953e+01 2.70000e+07
1.57575e+03 7.64091e+01 2.70000e+07
1.57376e+03 7.63239e+01 2.70000e+07
1.57176e+03 7.62386e+01 2.70000e+07
1.56976e+03 7.61536e+01 2.70000e+07
1.56778e+03 7.60681e+01 2.70000e+07
1.56579e+03 7.59826e+01 2.70000e+07
1.56381e+03 7.58968e+01 2.70000e+07
1.56183e+03 7.58104e+01 2.70000e+07
1.55986e+03 7.57238e+01 2.70000e+07
1.55789e+03 7.56373e+01 2.70000e+07
1.55593e+03 7.55523e+01 2.70000e+07
1.55396e+03 7.54673e+01 2.70000e+07
1.55200e+03 7.53824e+01 2.70000e+07
1.55004e+03 7.52971e+01 2.70000e+07
1.54808e+03 7.52115e+01 2.70000e+07
1.54611e+03 7.51261e+01 2.70000e+07
1.54415e+03 7.50416e+01 2.70000e+07
1.54219e+03 7.49577e+01 2.70000e+07
1.54023e+03 7.48745e+01 2.70000e+07
1.53827e+03 7.47913e+01 2.70000e+07
1.53631e+03 7.47083e+01 2.70000e+07
1.53436e+03 7.46245e+01 2.70000e+07
1.53241e+03 7.45404e+01 2.70000e+07
1.53046e+03 7.44560e+01 2.70000e+07
1.52850e+03 7.43720e+01 2.70000e+07
1.52655e+03 7.42895e+01 2.70000e+07
1.52461e+03 7.42092e+01 2.70000e+07
1.52267e+03 7.41294e+01 2.70000e+07
1.52073e+03 7.40511e+01 2.70000e+07
1.51880e+03 7.39736e+01 2.70000e+07
1.51688e+03 7.38961e+01 2.70000e+07
1.51497e+03 7.38189e+01 2.70000e+07
1.51306e+03 7.37420e+01 2.70000e+07
1.51116e+03 7.36648e+01 2.70000e+07
1.50925e+03 7.35885e+01 2.70000e+07
1.50734e+03 7.35141e+01 2.70000e+07
1.50544e+03 7.34403e+01 2.70000e+07
1.50354e+03 7.33668e+01 2.70000e+07
1.50165e+03 7.32930e+01 2.70000e+07
1.49975e+03 7.32187e+01 2.70000e+07
1.49786e+03 7.31440e+01 2.70000e+07
1.49597e+03 7.30693e+01 2.70000e+07
1.49408e+03 7.29946e+01 2.70000e+07
1.49220e+03 7.29212e+01 2.70000e+07
1.49034e+03 7.28485e+01 2.70000e+07
1.48848e+03 7.27758e+01 2.70000e+07
1.48662e+03 7.27039e+01 2.70000e+07
1.48478e+03 7.26339e+01 2.70000e+07
1.48293e+03 7.25638e+01 2.70000e+07
1.48109e+03 7.24944e+01 2.70000e+07
1.47925e+03 7.24250e+01 2.70000e+07
1.47742e+03 7.23566e+01 2.70000e+07
1.47558e+03 7.22885e+01 2.70000e+07
1.47374e+03 7.22204e+01 2.70000e+07
1.47191e+03 7.21529e+01 2.70000e+07
1.47007e+03 7.20855e+01 2.70000e+07
1.46824e+03 7.20187e+01 2.70000e+07
1.46641e+03 7.19515e+01 2.70000e+07
1.46457e+03 7.18842e+01 2.70000e+07
1.46274e+03 7.18169e+01 2.70000e+07
1.46091e+03 7.17498e+01 2.70000e+07
1.45908e+03 7.16830e+01 2.70000e+07
1.45726e+03 7.16166e+01 2.70000e+07
1.45544e+03 7.15512e+01 2.70000e+07
1.45363e+03 7.14872e+01 2.70000e+07
1.45182e+03 7.14232e+01 2.70000e+07
1.45002e+03 7.13590e+01 2.70000e+07
1.44822e+03 7.12947e+01 2.70000e+07
1.44643e+03 7.12303e+01 2.70000e+07
1.44464e+03 7.11670e+01 2.70000e+07
1.44284e+03 7.11042e+01 2.70000e+07
1.44105e+03 7.10411e+01 2.70000e+07
1.43927e+03 7.09779e+01 2.70000e+07
1.43748e+03 7.09148e+01 2.70000e+07
1.43569e+03 7.08516e+01 2.70000e+07
1.43391e+03 7.07875e+01 2.70000e+07
1.43214e+03 7.07233e+01 2.70000e+07
1.43037e+03 7.06595e+01 2.70000e+07
1.42860e+03 7.05956e+01 2.70000e+07
1.42684e+03 7.05312e+01 2.70000e+07
1.42508e+03 7.04668e+01 2.70000e+07
1.42331e+03 7.04023e+01 2.70000e+07
1.42155e+03 7.03379e+01 2.70000e+07
1.41979e+03 7.02736e+01 2.70000e+07
1.41803e+03 7.02094e+01 2.70000e+07
1.41627e+03 7.01452e+01 2.70000e+07
1.41451e+03 7.00807e+01 2.70000e+07
1.41276e+03 7.00160e+01 2.70000e+07
1.41101e+03 6.99503e+01 2.70000e+07
1.40927e+03 6.98843e+01 2.70000e+07
1.40754e+03 6.98191e+01 2.70000e+07
1.40582e+03 6.97551e+01 2.70000e+07
1.40411e+03 6.96921e+01 2.70000e+07
1.40241e+03 6.96290e+01 2.70000e+07
1.40073e+03 6.95655e+01 2.70000e+07
1.39906e+03 6.95012e+01 2.70000e+07
1.39739e+03 6.94369e+01 2.70000e+07
1.39573e+03 6.93738e+01 2.70000e+07
1.39407e+03 6.93103e+01 2.70000e+07
1.39241e+03 6.92469e+01 2.70000e+07
1.39075e+03 6.91841e+01 2.70000e+07
1.38909e+03 6.91214e+01 2.70000e+07
1.38742e+03 6.90588e+01 2.70000e+07
1.38576e+03 6.89961e+01 2.70000e+07
1.38409e+03 6.89330e+01 2.70000e+07
1.38244e+03 6.88700e+01 2.70000e+07
1.38079e+03 6.88073e+01 2.70000e+07
1.37914e+03 6.87454e+01 2.70000e+07
1.37750e+03 6.86843e+01 2.70000e+07
1.37585e+03 6.86237e+01 2.70000e+07
1.37421e+03 6.85629e+01 2.70000e+07
1.37256e+03 6.85019e+01 2.70000e+07
1.37092e+03 6.84420e+01 2.70000e+07
1.36928e+03 6.83822e+01 2.70000e+07
1.36763e+03 6.83225e+01 2.70000e+07
1.36598e+03 6.82627e+01 2.70000e+07
1.36434e+03 6.82033e+01 2.70000e+07
1.36271e+03 6.81448e+01 2.70000e+07
1.36108e+03 6.80865e+01 2.70000e+07
1.35945e+03 6.80285e+01 2.70000e+07
1.35782e+03 6.79706e+01 2.70000e+07
1.35619e+03 6.79123e+01 2.70000e+07
1.35456e+03 6.78546e+01 2.70000e+07
1.35294e+03 6.77971e+01 2.70000e+07
1.35132e+03 6.77397e+01 2.70000e+07
1.34970e+03 6.76825e+01 2.70000e+07
1.34809e+03 6.76247e+01 2.70000e+07
1.34650e+03 6.75663e+01 2.70000e+07
1.34490e+03 6.75079e+01 2.70000e+07
1.34331e+03 6.74494e+01 2.70000e+07
1.34171e+03 6.73913e+01 2.70000e+07
1.34011e+03 6.73333e+01 2.70000e+07
1.33851e+03 6.72756e+01 2.70000e+07
1.33692e+03 6.72179e+01 2.70000e+07
1.33532e+03 6.71601e+01 2.70000e+07
1.33373e+03 6.71028e+01 2.70000e+07
1.33215e+03 6.70458e+01 2.70000e+07
1.33056e+03 6.69885e+01 2.70000e+07
1.32898e+03 6.69312e+01 2.70000e+07
1.32741e+03 6.68742e+01 2.70000e+07
1.32584e+03 6.68170e+01 2.70000e+07
1.32426e+03 6.67605e+01 2.70000e+07
1.32269e+03 6.67037e+01 2.70000e+07
1.32112e+03 6.66469e+01 2.70000e+07
1.31955e+03 6.65894e+01 2.70000e+07
1.31799e+03 6.65312e+01 2.70000e+07
1.31644e+03 6.64720e+01 2.70000e+07
1.31489e+03 6.64128e+01 2.70000e+07
1.31334e+03 6.63539e+01 2.70000e+07
1.31179e+03 6.62955e+01 2.70000e+07
1.31024e+03 6.62369e+01 2.70000e+07
1.30869e+03 6.61793e+01 2.70000e+07
1.30715e+03 6.61219e+01 2.70000e+07
1.30561e+03 6.60650e+01 2.70000e+07
1.30408e+03 6.60084e+01 2.70000e+07
1.30256e+03 6.59518e+01 2.70000e+07
1.30103e+03 6.58954e+01 2.70000e+07
1.29950e+03 6.58390e+01 2.70000e+07
1.29798e+03 6.57820e+01 2.70000e+07
1.29647e+03 6.57251e+01 2.70000e+07
1.29496e+03 6.56690e+01 2.70000e+07
1.29345e+03 6.56131e+01 2.70000e+07
1.29196e+03 6.55578e+01 2.70000e+07
1.29047e+03 6.55020e+01 2.70000e+07
1.28898e+03 6.54461e+01 2.70000e+07
1.28750e+03 6.53912e+01 2.70000e+07
1.28603e+03 7.20255e+01 2.70000e+07
1.28456e+03 7.19846e+01 2.70000e+07
1.28309e+03 7.19437e+01 2.70000e+07
1.28163e+03 7.19029e+01 2.70000e+07
1.28016e+03 7.18622e+01 2.70000e+07
1.27869e+03 7.18216e+01 2.70000e+07
1.27722e+03 7.17811e+01 2.70000e+07
1.27576e+03 7.17413e+01 2.70000e+07
1.27429e+03 7.17016e+01 2.70000e+07
1.27283e+03 7.16618e+01 2.70000e+07
1.27137e+03 7.16220e+01 2.70000e+07
1.26990e+03 7.15822e+01 2.70000e+07
1.26844e+03 7.15425e+01 2.70000e+07
1.26698e+03 7.15032e+01 2.70000e+07
1.26552e+03 7.14642e+01 2.70000e+07
1.26406e+03 7.14251e+01 2.70000e+07
1.26260e+03 7.13859e+01 2.70000e+07
1.26115e+03 7.13468e+01 2.70000e+07
1.25970e+03 7.13080e+01 2.70000e+07
1.25825e+03 7.12692e+01 2.70000e+07
1.25680e+03 7.12309e+01 2.70000e+07
1.25536e+03 7.11928e+01 2.70000e+07
1.25391e+03 7.11549e+01 2.70000e+07
1.25247e+03 7.11172e+01 2.70000e+07
1.25102e+03 7.10798e+01 2.70000e+07
1.24959e+03 7.10422e+01 2.70000e+07
1.24816e+03 7.10051e+01 2.70000e+07
1.24673e+03 7.09681e+01 2.70000e+07
1.24531e+03 7.09311e+01 2.70000e+07
1.24389e+03 7.08944e+01 2.70000e+07
1.24247e+03 7.08579e+01 2.70000e+07
1.24105e+03 7.08214e+01 2.70000e+07
1.23963e+03 7.07849e+01 2.70000e+07
1.23822e+03 7.07485e+01 2.70000e+07
1.23681e+03 7.07118e+01 2.70000e+07
1.23540e+03 7.06750e+01 2.70000e+07
1.23399e+03 7.06383e+01 2.70000e+07
1.23259e+03 7.06020e+01 2.70000e+07
1.23119e+03 7.05657e+01 2.70000e+07
1.22980e+03 7.05295e+01 2.70000e+07
1.22840e+03 7.04936e+01 2.70000e+07
1.22700e+03 7.04577e+01 2.70000e+07
1.22560e+03 7.04218e+01 2.70000e+07
1.22420e+03 7.03860e+01 2.70000e+07
1.22281e+03 7.03502e+01 2.70000e+07
1.22142e+03 7.03144e+01 2.70000e+07
1.22003e+03 7.02786e+01 2.70000e+07
1.21863e+03 7.02430e+01 2.70000e+07
1.21724e+03 7.02078e+01 2.70000e+07
1.21585e+03 7.01729e+01 2.70000e+07
1.21447e+03 7.01381e+01 2.70000e+07
1.21309e+03 7.01032e+01 2.70000e+07
1.21171e+03 7.00683e+01 2.70000e+07
1.21034e+03 7.00338e+01 2.70000e+07
1.20896e+03 6.99991e+01 2.70000e+07
1.20759e+03 6.99643e+01 2.70000e+07
1.20622e+03 6.99294e+01 2.70000e+07
1.20484e+03 6.98945e+01 2.70000e+07
1.20347e+03 6.98597e+01 2.70000e+07
1.20210e+03 6.98249e+01 2.70000e+07
1.20073e+03 6.97907e+01 2.70000e+07
1.19937e+03 6.97566e+01 2.70000e+07
1.19801e+03 6.97226e+01 2.70000e+07
1.19666e+03 6.96885e+01 2.70000e+07
1.19530e+03 6.96546e+01 2.70000e+07
1.19395e+03 6.96207e+01 2.70000e+07
1.19260e+03 6.95870e+01 2.70000e+07
1.19125e+03 6.95533e+01 2.70000e+07
1.18991e+03 6.95202e+01 2.70000e+07
1.18856e+03 6.94871e+01 2.70000e+07
1.18723e+03 6.94544e+01 2.70000e+07
1.18590e+03 6.94218e+01 2.70000e+07
1.18456e+03 6.93893e+01 2.70000e+07
1.18324e+03 6.93571e+01 2.70000e+07
1.18191e+03 6.93249e+01 2.70000e+07
1.18058e+03 6.92928e+01 2.70000e+07
1.17925e+03 6.92607e+01 2.70000e+07
1.17793e+03 6.92288e+01 2.70000e+07
1.17662e+03 6.91970e+01 2.70000e+07
1.17530e+03 6.91654e+01 2.70000e+07
1.17399e+03 6.91341e+01 2.70000e+07
1.17268e+03 6.91028e+01 2.70000e+07
1.17138e+03 6.90715e+01 2.70000e+07
1.17007e+03 6.90404e+01 2.70000e+07
1.16877e+03 6.90096e+01 2.70000e+07
1.16747e+03 6.89785e+01 2.70000e+07
1.16617e+03 6.89472e+01 2.70000e+07
1.16488e+03 6.89159e+01 2.70000e+07
1.16359e+03 6.88845e+01 2.70000e+07
1.16230e+03 6.88532e+01 2.70000e+07
1.16101e+03 6.88217e+01 2.70000e+07
1.15972e+03 6.87905e+01 2.70000e+07
1.15844e+03 6.87590e+01 2.70000e+07
1.15717e+03 6.87274e+01 2.70000e+07
1.15589e+03 6.86958e+01 2.70000e+07
1.15462e+03 6.86643e+01 2.70000e+07
1.15335e+03 6.86328e+01 2.70000e+07
1.15209e+03 6.86016e+01 2.70000e+07
1.15083e+03 6.85703e+01 2.70000e+07
1.14957e+03 6.85391e+01 2.70000e+07
1.14831e+03 6.85079e+01 2.70000e+07
1.14706e+03 6.84768e+01 2.70000e+07
1.14581e+03 6.84459e+01 2.70000e+07
1.14455e+03 6.84151e+01 2.70000e+07
1.14330e+03 6.83839e+01 2.70000e+07
1.14206e+03 6.83525e+01 2.70000e+07
1.14082e+03 6.83211e+01 2.70000e+07
1.13957e+03 6.82898e+01 2.70000e+07
1.13833e+03 6.82584e+01 2.70000e+07
1.13709e+03 6.82271e+01 2.70000e+07
1.13585e+03 6.81958e+01 2.70000e+07
1.13461e+03 6.81645e+01 2.70000e+07
1.13337e+03 6.81333e+01 2.70000e+07
1.13213e+03 6.81020e+01 2.70000e+07
1.13090e+03 6.80705e+01 2.70000e+07
1.12968e+03 6.80388e+01 2.70000e+07
1.12846e+03 6.80073e+01 2.70000e+07
1.12724e+03 6.79758e+01 2.70000e+07
1.12602e+03 6.79445e+01 2.70000e+07
1.12481e+03 6.79133e+01 2.70000e+07
1.12359e+03 6.78822e+01 2.70000e+07
1.12237e+03 6.78510e+01 2.70000e+07
1.12115e+03 6.78197e+01 2.70000e+07
1.11994e+03 6.77884e+01 2.70000e+07
1.11872e+03 6.77571e+01 2.70000e+07
1.11751e+03 6.77260e+01 2.70000e+07
1.11630e+03 6.76950e+01 2.70000e+07
1.11509e+03 6.76641e+01 2.70000e+07
1.11389e+03 6.76332e+01 2.70000e+07
1.11268e+03 6.76026e+01 2.70000e+07
1.11148e+03 6.75720e+01 2.70000e+07
1.11027e+03 6.75413e+01 2.70000e+07
1.10907e+03 6.75106e+01 2.70000e+07
1.10786e+03 6.74798e+01 2.70000e+07
1.10665e+03 6.74491e+01 2.70000e+07
1.10545e+03 6.74184e+01 2.70000e+07
1.10424e+03 6.73878e+01 2.70000e+07
1.10304e+03 6.73571e+01 2.70000e+07
1.10183e+03 6.73264e+01 2.70000e+07
1.10062e+03 6.72958e+01 2.70000e+07
1.09941e+03 6.72651e+01 2.70000e+07
1.09821e+03 6.72349e+01 2.70000e+07
1.09701e+03 6.72046e+01 2.70000e+07
1.09581e+03 6.71745e+01 2.70000e+07
1.09460e+03 6.71444e+01 2.70000e+07
1.09340e+03 6.71143e+01 2.70000e+07
1.09220e+03 6.70838e+01 2.70000e+07
1.09100e+03 6.70534e+01 2.70000e+07
1.08980e+03 6.70229e+01 2.70000e+07
1.08859e+03 6.69925e+01 2.70000e+07
1.08740e+03 6.69625e+01 2.70000e+07
1.08620e+03 6.69326e+01 2.70000e+07
1.08501e+03 6.69031e+01 2.70000e+07
1.08381e+03 6.68736e+01 2.70000e+07
1.08262e+03 6.68440e+01 2.70000e+07
1.08144e+03 6.68147e+01 2.70000e+07
1.08025e+03 6.67854e+01 2.70000e+07
1.07907e+03 6.67562e+01 2.70000e+07
1.07789e+03 6.67273e+01 2.70000e+07
1.07673e+03 6.66985e+01 2.70000e+07
1.07556e+03 6.66698e+01 2.70000e+07
1.07440e+03 6.66411e+01 2.70000e+07
1.07325e+03 6.66126e+01 2.70000e+07
1.07209e+03 6.65840e+01 2.70000e+07
1.07094e+03 6.65555e+01 2.70000e+07
1.06978e+03 6.65266e+01 2.70000e+07
1.06863e+03 6.64978e+01 2.70000e+07
1.06748e+03 6.64691e+01 2.70000e+07
1.06633e+03 6.64406e+01 2.70000e+07
1.06518e+03 6.64125e+01 2.70000e+07
1.06403e+03 6.63845e+01 2.70000e+07
1.06289e+03 6.63567e+01 2.70000e+07
1.06175e+03 6.63292e+01 2.70000e+07
1.06061e+03 6.63018e+01 2.70000e+07
1.05947e+03 6.62743e+01 2.70000e+07
1.05833e+03 6.62469e+01 2.70000e+07
1.05720e+03 6.62195e+01 2.70000e+07
1.05608e+03 6.61920e+01 2.70000e+07
1.05495e+03 6.61642e+01 2.70000e+07
1.05383e+03 6.61363e+01 2.70000e+07
1.05271e+03 6.61083e+01 2.70000e+07
1.05160e+03 6.60804e+01 2.70000e+07
1.05048e+03 6.60529e+01 2.70000e+07
1.04937e+03 6.60255e+01 2.70000e+07
1.04826e+03 6.59980e+01 2.70000e+07
1.04714e+03 6.59706e+01 2.70000e+07
1.04603e+03 6.59437e+01 2.70000e+07
1.04493e+03 6.59170e+01 2.70000e+07
1.04382e+03 6.58902e+01 2.70000e+07
1.04272e+03 6.58635e+01 2.70000e+07
1.04161e+03 6.58370e+01 2.70000e+07
1.04050e+03 6.58107e+01 2.70000e+07
1.03940e+03 6.57844e+01 2.70000e+07
1.03830e+03 6.57582e+01 2.70000e+07
1.03720e+03 6.57321e+01 2.70000e+07
1.03610e+03 6.57062e+01 2.70000e+07
1.03500e+03 6.56804e+01 2.70000e+07
1.03391e+03 6.56547e+01 2.70000e+07
1.03282e+03 6.56291e+01 2.70000e+07
1.03173e+03 6.56035e+01 2.70000e+07
1.03064e+03 6.55779e+01 2.70000e+07
1.02956e+03 6.55525e+01 2.70000e+07
1.02848e+03 6.55272e+01 2.70000e+07
1.02740e+03 6.55020e+01 2.70000e+07
1.02632e+03 6.54769e+01 2.70000e+07
1.02525e+03 6.54518e+01 2.70000e+07
1.02418e+03 6.54267e+01 2.70000e+07
1.02311e+03 6.54014e+01 2.70000e+07
1.02204e+03 6.53761e+01 2.70000e+07
1.02097e+03 6.53508e+01 2.70000e+07
1.01990e+03 6.53256e+01 2.70000e+07
1.01882e+03 6.53003e+01 2.70000e+07
1.01775e+03 6.52750e+01 2.70000e+07
1.01668e+03 6.52498e+01 2.70000e+07
1.01561e+03 6.52247e+01 2.70000e+07
1.01453e+03 6.51996e+01 2.70000e+07
1.01346e+03 6.51744e+01 2.70000e+07
1.01239e+03 6.51493e+01 2.70000e+07
1.01132e+03 6.51241e+01 2.70000e+07
1.01024e+03 6.50989e+01 2.70000e+07
1.00918e+03 6.50739e+01 2.70000e+07
1.00811e+03 6.50490e+01 2.70000e+07
1.00704e+03 6.50243e+01 2.70000e+07
1.00598e+03 6.49995e+01 2.70000e+07
1.00491e+03 6.49748e+01 2.70000e+07
1.00386e+03 6.49503e+01 2.70000e+07
1.00280e+03 6.49261e+01 2.70000e+07
1.00175e+03 6.49019e+01 2.70000e+07
1.00069e+03 6.48778e+01 2.70000e+07
9.99640e+02 6.48537e+01 2.70000e+07
9.98593e+02 6.48300e+01 2.70000e+07
9.97549e+02 6.48063e+01 2.70000e+07
9.96504e+02 6.47826e+01 2.70000e+07
9.95460e+02 6.47589e+01 2.70000e+07
9.94414e+02 6.47353e+01 2.70000e+07
9.93368e+02 6.47116e+01 2.70000e+07
9.92321e+02 6.46879e+01 2.70000e+07
9.91277e+02 6.46642e+01 2.70000e+07
9.90233e+02 6.46405e+01 2.70000e+07
9.89187e+02 6.46167e+01 2.70000e+07
9.88144e+02 6.45932e+01 2.70000e+07
9.87100e+02 6.45696e+01 2.70000e+07
9.86058e+02 6.45462e+01 2.70000e+07
9.85018e+02 6.45229e+01 2.70000e+07
9.83980e+02 6.44996e+01 2.70000e+07
9.82942e+02 6.44763e+01 2.70000e+07
9.81904e+02 6.44531e+01 2.70000e+07
9.80864e+02 6.44298e+01 2.70000e+07
9.79830e+02 6.44060e+01 2.70000e+07
9.78795e+02 6.43822e+01 2.70000e+07
9.77760e+02 6.43584e+01 2.70000e+07
9.76724e+02 6.43346e+01 2.70000e+07
9.75690e+02 6.43109e+01 2.70000e+07
9.74658e+02 6.42873e+01 2.70000e+07
9.73627e+02 6.42637e+01 2.70000e+07
9.72596e+02 6.42401e+01 2.70000e+07
9.71565e+02 6.42165e+01 2.70000e+07
9.70533e+02 6.41930e+01 2.70000e+07
9.69503e+02 6.41696e+01 2.70000e+07
9.68475e+02 6.41462e+01 2.70000e+07
9.67450e+02 6.41228e+01 2.70000e+07
9.66429e+02 6.40994e+01 2.70000e+07
9.65410e+02 6.40759e+01 2.70000e+07
9.64390e+02 6.40524e+01 2.70000e+07
9.63371e+02 6.40290e+01 2.70000e+07
9.62356e+02 6.40058e+01 2.70000e+07
9.61344e+02 6.39826e+01 2.70000e+07
9.60333e+02 6.39595e+01 2.70000e+07
9.59326e+02 6.39366e+01 2.70000e+07
9.58319e+02 6.39137e+01 2.70000e+07
9.57311e+02 6.38908e+01 2.70000e+07
9.56303e+02 6.38679e+01 2.70000e+07
9.55295e+02 6.38450e+01 2.70000e+07
9.54286e+02 6.38221e+01 2.70000e+07
9.53276e+02 6.37992e+01 2.70000e+07
9.52266e+02 6.37763e+01 2.70000e+07
9.51256e+02 6.37535e+01 2.70000e+07
9.50249e+02 6.37309e+01 2.70000e+07
9.49243e+02 6.37082e+01 2.70000e+07
9.48236e+02 6.36856e+01 2.70000e+07
9.47229e+02 6.36629e+01 2.70000e+07
9.46222e+02 6.36402e+01 2.70000e+07
9.45220e+02 6.36176e+01 2.70000e+07
9.44221e+02 6.35951e+01 2.70000e+07
9.43223e+02 6.35727e+01 2.70000e+07
9.42227e+02 6.35501e+01 2.70000e+07
9.41232e+02 6.35276e+01 2.70000e+07
9.40237e+02 6.35051e+01 2.70000e+07
9.39247e+02 6.34825e+01 2.70000e+07
9.38257e+02 6.34600e+01 2.70000e+07
9.37272e+02 6.34376e+01 2.70000e+07
9.36290e+02 6.34154e+01 2.70000e+07
9.35310e+02 6.33932e+01 2.70000e+07
9.34330e+02 6.33711e+01 2.70000e+07
9.33353e+02 6.33491e+01 2.70000e+07
9.32380e+02 6.33270e+01 2.70000e+07
9.31406e+02 6.33049e+01 2.70000e+07
9.30432e+02 6.32829e+01 2.70000e+07
9.29457e+02 6.32608e+01 2.70000e+07
9.28482e+02 6.32387e+01 2.70000e+07
9.27509e+02 6.32168e+01 2.70000e+07
9.26539e+02 6.31951e+01 2.70000e+07
9.25568e+02 6.31735e+01 2.70000e+07
9.24597e+02 6.31518e+01 2.70000e+07
9.23625e+02 6.31302e+01 2.70000e+07
9.22656e+02 6.31089e+01 2.70000e+07
9.21690e+02 6.30876e+01 2.70000e+07
9.20725e+02 6.30664e+01 2.70000e+07
9.19762e+02 6.30454e+01 2.70000e+07
9.18804e+02 6.30244e+01 2.70000e+07
9.17847e+02 6.30035e+01 2.70000e+07
9.16889e+02 6.29826e+01 2.70000e+07
9.15933e+02 6.29619e+01 2.70000e+07
9.14978e+02 6.29412e+01 2.70000e+07
9.14023e+02 6.29206e+01 2.70000e+07
9.13069e+02 6.29000e+01 2.70000e+07
9.12116e+02 6.28795e+01 2.70000e+07
9.11162e+02 6.28590e+01 2.70000e+07
9.10209e+02 6.28384e+01 2.70000e+07
9.09261e+02 6.28179e+01 2.70000e+07
9.08312e+02 6.27974e+01 2.70000e+07
9.07362e+02 6.27769e+01 2.70000e+07
9.06414e+02 6.27564e+01 2.70000e+07
9.05466e+02 6.27359e+01 2.70000e+07
9.04518e+02 6.27154e+01 2.70000e+07
9.03573e+02 6.26950e+01 2.70000e+07
9.02628e+02 6.26746e+01 2.70000e+07
9.01685e+02 6.26543e+01 2.70000e+07
9.00747e+02 6.26340e+01 2.70000e+07
8.99811e+02 6.26137e+01 2.70000e+07
8.98875e+02 6.25933e+01 2.70000e+07
8.97938e+02 6.25730e+01 2.70000e+07
8.97003e+02 6.25528e+01 2.70000e+07
8.96069e+02 6.25327e+01 2.70000e+07
8.95139e+02 6.25129e+01 2.70000e+07
8.94210e+02 6.24931e+01 2.70000e+07
8.93282e+02 6.24733e+01 2.70000e+07
8.92353e+02 6.24535e+01 2.70000e+07
8.91426e+02 6.24336e+01 2.70000e+07
8.90499e+02 6.24137e+01 2.70000e+07
8.89574e+02 6.23938e+01 2.70000e+07
8.88651e+02 6.23738e+01 2.70000e+07
8.87732e+02 6.23537e+01 2.70000e+07
8.86815e+02 6.23336e+01 2.70000e+07
8.85902e+02 6.23136e+01 2.70000e+07
8.84990e+02 6.22937e+01 2.70000e+07
8.84080e+02 6.22738e+01 2.70000e+07
8.83171e+02 6.22540e+01 2.70000e+07
8.82264e+02 6.22341e+01 2.70000e+07
8.81358e+02 6.22142e+01 2.70000e+07
8.80451e+02 6.21943e+01 2.70000e+07
8.79544e+02 6.21744e+01 2.70000e+07
8.78639e+02 6.21547e+01 2.70000e+07
8.77734e+02 6.21351e+01 2.70000e+07
8.76828e+02 6.21154e+01 2.70000e+07
8.75922e+02 6.20957e+01 2.70000e+07
8.75016e+02 6.20761e+01 2.70000e+07
8.74109e+02 6.20564e+01 2.70000e+07
8.73202e+02 6.20367e+01 2.70000e+07
8.72297e+02 6.20170e+01 2.70000e+07
8.71393e+02 6.19973e+01 2.70000e+07
8.70492e+02 6.19778e+01 2.70000e+07
8.69591e+02 6.19584e+01 2.70000e+07
8.68691e+02 6.19389e+01 2.70000e+07
8.67792e+02 6.19194e+01 2.70000e+07
8.66897e+02 6.19000e+01 2.70000e+07
8.66007e+02 6.18807e+01 2.70000e+07
8.65120e+02 6.18613e+01 2.70000e+07
8.64235e+02 6.18421e+01 2.70000e+07
8.63349e+02 6.18229e+01 2.70000e+07
8.62463e+02 6.18037e+01 2.70000e+07
8.61578e+02 6.17845e+01 2.70000e+07
8.60696e+02 6.17651e+01 2.70000e+07
8.59816e+02 6.17457e+01 2.70000e+07
8.58941e+02 6.17263e+01 2.70000e+07
8.58070e+02 6.17070e+01 2.70000e+07
8.57200e+02 6.16877e+01 2.70000e+07
8.56331e+02 6.16684e+01 2.70000e+07
8.55462e+02 6.16491e+01 2.70000e+07
8.54594e+02 6.16298e+01 2.70000e+07
8.53725e+02 6.16105e+01 2.70000e+07
8.52858e+02 6.15913e+01 2.70000e+07
8.51993e+02 6.15722e+01 2.70000e+07
8.51128e+02 6.15531e+01 2.70000e+07
8.50267e+02 6.15340e+01 2.70000e+07
8.49406e+02 6.15149e+01 2.70000e+07
8.48546e+02 6.14958e+01 2.70000e+07
8.47688e+02 6.14768e+01 2.70000e+07
8.46830e+02 6.14577e+01 2.70000e+07
8.45975e+02 6.14388e+01 2.70000e+07
8.45121e+02 6.14199e+01 2.70000e+07
8.44266e+02 6.14010e+01 2.70000e+07
8.43411e+02 6.13821e+01 2.70000e+07
8.42555e+02 6.13632e+01 2.70000e+07
8.41701e+02 6.13443e+01 2.70000e+07
8.40852e+02 6.13255e+01 2.70000e+07
8.40002e+02 6.13067e+01 2.70000e+07
8.39153e+02 6.12879e+01 2.70000e+07
8.38304e+02 6.12692e+01 2.70000e+07
8.37456e+02 6.12504e+01 2.70000e+07
8.36610e+02 6.12320e+01 2.70000e+07
8.35767e+02 6.12134e+01 2.70000e+07
8.34925e+02 6.11948e+01 2.70000e+07
8.34082e+02 6.11762e+01 2.70000e+07
8.33239e+02 6.11576e+01 2.70000e+07
8.32396e+02 6.11390e+01 2.70000e+07
8.31557e+02 6.11207e+01 2.70000e+07
8.30721e+02 6.11025e+01 2.70000e+07
8.29887e+02 6.10843e+01 2.70000e+07
8.29053e+02 6.10661e+01 2.70000e+07
8.28225e+02 6.10482e+01 2.70000e+07
8.27398e+02 6.10303e+01 2.70000e+07
8.26574e+02 6.10125e+01 2.70000e+07
8.25750e+02 6.09948e+01 2.70000e+07
8.24926e+02 6.09770e+01 2.70000e+07
8.24101e+02 6.09592e+01 2.70000e+07
8.23277e+02 6.09414e+01 2.70000e+07
8.22451e+02 6.09237e+01 2.70000e+07
8.21626e+02 6.09059e+01 2.70000e+07
8.20806e+02 6.08882e+01 2.70000e+07
8.19987e+02 6.08705e+01 2.70000e+07
8.19167e+02 6.08529e+01 2.70000e+07
8.18348e+02 6.08352e+01 2.70000e+07
8.17528e+02 6.08175e+01 2.70000e+07
8.16708e+02 6.07998e+01 2.70000e+07
8.15892e+02 6.07822e+01 2.70000e+07
8.15077e+02 6.07647e+01 2.70000e+07
8.14261e+02 6.07471e+01 2.70000e+07
8.13448e+02 6.07296e+01 2.70000e+07
8.12635e+02 6.07121e+01 2.70000e+07
8.11822e+02 6.06946e+01 2.70000e+07
8.11010e+02 6.06771e+01 2.70000e+07
8.10200e+02 6.06598e+01 2.70000e+07
8.09394e+02 6.06427e+01 2.70000e+07
8.08590e+02 6.06256e+01 2.70000e+07
8.07787e+02 6.06086e+01 2.70000e+07
8.06984e+02 6.05916e+01 2.70000e+07
8.06182e+02 6.05746e+01 2.70000e+07
8.05381e+02 6.05577e+01 2.70000e+07
8.04581e+02 6.05407e+01 2.70000e+07
8.03780e+02 6.05238e+01 2.70000e+07
8.02982e+02 6.05069e+01 2.70000e+07
8.02183e+02 6.04900e+01 2.70000e+07
8.01384e+02 6.04731e+01 2.70000e+07
8.00588e+02 6.04561e+01 2.70000e+07
7.99791e+02 6.04391e+01 2.70000e+07
7.98997e+02 6.04222e+01 2.70000e+07
7.98207e+02 6.04052e+01 2.70000e+07
7.97418e+02 6.03881e+01 2.70000e+07
7.96630e+02 6.03710e+01 2.70000e+07
7.95845e+02 6.03539e+01 2.70000e+07
7.95062e+02 6.03369e+01 2.70000e+07
7.94279e+02 6.03199e+01 2.70000e+07
7.93498e+02 6.03030e+01 2.70000e+07
7.92718e+02 6.02861e+01 2.70000e+07
7.91941e+02 6.02692e+01 2.70000e+07
7.91163e+02 6.02524e+01 2.70000e+07
7.90385e+02 6.02355e+01 2.70000e+07
7.89608e+02 6.02187e+01 2.70000e+07
7.88833e+02 6.02022e+01 2.70000e+07
7.88057e+02 6.01856e+01 2.70000e+07
7.87282e+02 6.01691e+01 2.70000e+07
7.86507e+02 6.01525e+01 2.70000e+07
7.85734e+02 6.01361e+01 2.70000e+07
7.84960e+02 6.01196e+01 2.70000e+07
7.84187e+02 6.01031e+01 2.70000e+07
7.83414e+02 6.00866e+01 2.70000e+07
7.82648e+02 6.00704e+01 2.70000e+07
7.81882e+02 6.00542e+01 2.70000e+07
7.81116e+02 6.00380e+01 2.70000e+07
7.80350e+02 6.00218e+01 2.70000e+07
7.79584e+02 6.00057e+01 2.70000e+07
7.78821e+02 5.99897e+01 2.70000e+07
7.78061e+02 5.99737e+01 2.70000e+07
7.77307e+02 5.99577e+01 2.70000e+07
7.76556e+02 5.99417e+01 2.70000e+07
7.75808e+02 5.99257e+01 2.70000e+07
7.75062e+02 5.99098e+01 2.70000e+07
7.74317e+02 5.98937e+01 2.70000e+07
7.73575e+02 5.98777e+01 2.70000e+07
7.72836e+02 5.98616e+01 2.70000e+07
7.72096e+02 5.98455e+01 2.70000e+07
7.71356e+02 5.98294e+01 2.70000e+07
7.70616e+02 5.98133e+01 2.70000e+07
7.69877e+02 5.97973e+01 2.70000e+07
7.69136e+02 5.97812e+01 2.70000e+07
7.68396e+02 5.97651e+01 2.70000e+07
7.67656e+02 5.97489e+01 2.70000e+07
7.66917e+02 5.97327e+01 2.70000e+07
7.66181e+02 5.97164e+01 2.70000e+07
7.65444e+02 5.97002e+01 2.70000e+07
7.64714e+02 5.96841e+01 2.70000e+07
7.63986e+02 5.96680e+01 2.70000e+07
7.63260e+02 5.96518e+01 2.70000e+07
7.62533e+02 5.96356e+01 2.70000e+07
7.61806e+02 5.96194e+01 2.70000e+07
7.61081e+02 5.96033e+01 2.70000e+07
7.60357e+02 5.95874e+01 2.70000e+07
0.00000e+00 5.95716e+01 2.70000e+07
